read new image: ex2.jpg at D:\Code\C\clionCpp\GrabCut\test_textures\ex2.jpg
Image Size: 400*600

Rect: From (37,183) To (396,422)

initByKmeans bkGMM with 154796 bkSamples
Init RGB: (R:36,G:47,B:43) (R:25,G:29,B:32) (R:39,G:48,B:47) (R:48,G:54,B:54) (R:8,G:10,B:9) 
--- Begin K-Means Iteration ---
{size: 25461, mean: (32.1292,45.7469,39.7701)} {size: 68807, mean: (21.8202,30.4422,28.9455)} {size: 8089, mean: (39.5196,50.0859,47.3876)} {size: 23209, mean: (60.9663,75.4406,63.034)} {size: 29230, mean: (9.38207,16.7907,13.8181)} 
{size: 29664, mean: (30.7558,43.0242,38.8031)} {size: 55981, mean: (21.6535,30.2494,28.7112)} {size: 18798, mean: (41.6184,54.0347,48.2905)} {size: 15580, mean: (68.3733,83.6662,68.5969)} {size: 34773, mean: (10.243,17.7527,14.9419)} 
{size: 34866, mean: (30.5523,41.7541,38.7094)} {size: 50190, mean: (21.3179,29.8754,28.3039)} {size: 21869, mean: (43.32,57.2536,49.4075)} {size: 11795, mean: (73.7457,88.9578,72.626)} {size: 36076, mean: (10.4203,18.0081,15.1649)} 
{size: 38650, mean: (30.6194,41.5304,38.7789)} {size: 48077, mean: (21.0677,29.6434,27.9757)} {size: 22565, mean: (44.952,59.5117,50.6641)} {size: 9530, mean: (78.0098,92.9611,75.7993)} {size: 35974, mean: (10.4023,17.9887,15.1504)} 
{size: 40572, mean: (30.8861,41.8457,39.002)} {size: 48373, mean: (20.9693,29.5727,27.8974)} {size: 22270, mean: (46.4162,61.354,51.8359)} {size: 8101, mean: (81.4366,95.884,78.2931)} {size: 35480, mean: (10.3561,17.893,15.0483)} 
{size: 41882, mean: (31.1732,42.2182,39.252)} {size: 48868, mean: (20.9495,29.5955,27.8717)} {size: 21837, mean: (47.7701,62.9375,52.9364)} {size: 7001, mean: (84.5951,98.5559,80.5366)} {size: 35208, mean: (10.3254,17.8206,15.0143)} 
{size: 43149, mean: (31.4937,42.6036,39.5374)} {size: 49348, mean: (20.9628,29.6218,27.8625)} {size: 21088, mean: (49.0137,64.4568,53.9425)} {size: 6194, mean: (87.3266,100.758,82.5302)} {size: 35017, mean: (10.2923,17.7857,14.985)} 
{size: 43504, mean: (31.8447,43.0663,39.8286)} {size: 50264, mean: (21.0415,29.7352,27.9749)} {size: 20498, mean: (50.146,65.7243,54.8631)} {size: 5529, mean: (89.9324,102.824,84.3827)} {size: 35001, mean: (10.2903,17.7807,14.9838)} 
{size: 43560, mean: (32.2186,43.5902,40.1452)} {size: 51198, mean: (21.1825,29.8722,28.1668)} {size: 19865, mean: (51.2347,66.9517,55.7517)} {size: 4964, mean: (92.469,104.89,86.1023)} {size: 35209, mean: (10.3259,17.8189,15.0158)} 
{size: 43416, mean: (32.5686,44.0802,40.4628)} {size: 52097, mean: (21.3434,30.0198,28.3633)} {size: 19335, mean: (52.2538,68.0899,56.5733)} {size: 4464, mean: (95.0811,106.884,87.8627)} {size: 35484, mean: (10.3597,17.8915,15.0485)} 
{size: 43891, mean: (32.8706,44.405,40.7416)} {size: 52163, mean: (21.4633,30.1578,28.4598)} {size: 18767, mean: (53.2447,69.2698,57.3541)} {size: 4019, mean: (97.7323,108.883,89.7191)} {size: 35956, mean: (10.4004,17.9818,15.15)} 
{size: 43637, mean: (33.2081,44.8361,41.0216)} {size: 53132, mean: (21.5776,30.3039,28.6213)} {size: 18312, mean: (54.1419,70.2555,58.0799)} {size: 3642, mean: (100.33,110.803,91.4465)} {size: 36073, mean: (10.4202,18.0067,15.1648)} 
{size: 43071, mean: (33.5057,45.2522,41.2777)} {size: 54273, mean: (21.7055,30.4409,28.7822)} {size: 17995, mean: (54.8746,71.0217,58.6535)} {size: 3346, mean: (102.569,112.491,93.0233)} {size: 36111, mean: (10.4259,18.0176,15.1678)} 
{size: 42618, mean: (33.7872,45.6808,41.5294)} {size: 54158, mean: (21.9534,30.7401,29.0452)} {size: 17622, mean: (55.612,71.783,59.2322)} {size: 3087, mean: (104.74,114.151,94.5138)} {size: 37311, mean: (10.6156,18.1515,15.4361)} 
{size: 42482, mean: (34.0321,45.9688,41.7617)} {size: 54208, mean: (22.0802,30.9394,29.194)} {size: 17240, mean: (56.2756,72.4183,59.7301)} {size: 2898, mean: (106.382,115.504,95.7947)} {size: 37968, mean: (10.7232,18.2523,15.5496)} 
--- End   K-Means Iteration ---
initByKmeans frGMM with 85204 frSamples
Init RGB: (R:56,G:86,B:58) (R:30,G:20,B:8) (R:54,G:71,B:63) (R:51,G:63,B:59) (R:11,G:23,B:19) 
--- Begin K-Means Iteration ---
{size: 23596, mean: (141.609,135.171,127.642)} {size: 1554, mean: (35.0869,31.7574,25.1268)} {size: 4056, mean: (64.6174,72.8089,66.4438)} {size: 18243, mean: (41.7462,51.0655,46.7436)} {size: 37755, mean: (22.623,31.0063,30.222)} 
{size: 17159, mean: (164.201,152.097,147.73)} {size: 2645, mean: (34.8786,35.2484,29.3732)} {size: 11867, mean: (72.9833,81.0015,69.4809)} {size: 16871, mean: (40.2823,50.1449,45.9525)} {size: 36662, mean: (22.3187,30.7153,30.0523)} 
{size: 15023, mean: (170.75,158.337,155.004)} {size: 9825, mean: (31.5217,37.615,36.1484)} {size: 12852, mean: (82.2069,86.9604,75.098)} {size: 17122, mean: (41.466,51.6257,47.0722)} {size: 30382, mean: (20.8128,29.181,28.2815)} 
{size: 13860, mean: (174.143,161.805,159.153)} {size: 19187, mean: (29.9253,38.1051,37.3248)} {size: 12363, mean: (89.9617,92.2153,80.0383)} {size: 15236, mean: (45.2409,55.4285,49.6559)} {size: 24558, mean: (19.726,27.6118,26.3082)} 
{size: 12948, mean: (176.747,164.624,162.506)} {size: 23289, mean: (29.9057,38.3512,37.4759)} {size: 11356, mean: (98.5056,97.4837,85.4856)} {size: 15144, mean: (48.595,59.1778,52.1697)} {size: 22467, mean: (19.3249,27.0831,25.6566)} 
{size: 12018, mean: (179.422,167.596,166.048)} {size: 25693, mean: (30.3198,38.7425,37.7637)} {size: 10420, mean: (108.067,103.094,91.6195)} {size: 15354, mean: (51.9097,63.0031,54.8216)} {size: 21719, mean: (19.1234,26.9453,25.412)} 
{size: 11080, mean: (182.131,170.755,169.74)} {size: 26663, mean: (31.0656,39.6453,38.364)} {size: 9942, mean: (116.662,108.405,97.4054)} {size: 15104, mean: (55.2552,66.402,57.4262)} {size: 22415, mean: (19.3167,27.0656,25.6425)} 
{size: 10150, mean: (184.911,173.979,173.541)} {size: 27161, mean: (32.0357,40.6786,39.1445)} {size: 9889, mean: (123.494,113.035,102.466)} {size: 14425, mean: (58.5328,69.5283,59.8356)} {size: 23579, mean: (19.5589,27.3501,26.002)} 
{size: 9288, mean: (187.724,177.16,177.139)} {size: 27007, mean: (32.9832,41.8025,39.9581)} {size: 10015, mean: (128.761,117.002,106.997)} {size: 13811, mean: (61.5432,72.1195,61.9369)} {size: 25083, mean: (19.9276,27.6745,26.4226)} 
{size: 8612, mean: (189.993,179.765,180.119)} {size: 26476, mean: (33.9683,42.8944,40.7459)} {size: 10070, mean: (132.949,120.222,110.751)} {size: 13337, mean: (64.325,74.4014,63.8326)} {size: 26709, mean: (20.2723,28.0679,26.8667)} 
{size: 8076, mean: (191.86,181.95,182.549)} {size: 25995, mean: (34.9371,43.9574,41.5174)} {size: 10112, mean: (136.146,122.829,113.846)} {size: 12827, mean: (66.9298,76.496,65.5406)} {size: 28194, mean: (20.6018,28.4116,27.2665)} 
{size: 7649, mean: (193.353,183.754,184.586)} {size: 25607, mean: (35.789,44.9258,42.2447)} {size: 10171, mean: (138.606,124.878,116.165)} {size: 12329, mean: (69.224,78.2661,67.0525)} {size: 29448, mean: (20.8874,28.7074,27.5843)} 
{size: 7326, mean: (194.587,185.142,186.115)} {size: 24775, mean: (36.6899,45.8861,42.9194)} {size: 10170, mean: (140.547,126.558,118.089)} {size: 12012, mean: (71.1174,79.7493,68.3505)} {size: 30921, mean: (21.201,29.0472,27.9862)} 
{size: 7047, mean: (195.607,186.363,187.534)} {size: 24227, mean: (37.4549,46.7578,43.5536)} {size: 10182, mean: (142.178,128,119.706)} {size: 11678, mean: (72.9146,81.1028,69.518)} {size: 32070, mean: (21.4751,29.3072,28.2743)} 
{size: 6814, mean: (196.51,187.419,188.719)} {size: 23387, mean: (38.31,47.647,44.1862)} {size: 10198, mean: (143.488,129.162,121.077)} {size: 11414, mean: (74.426,82.2183,70.4954)} {size: 33391, mean: (21.741,29.6298,28.6146)} 
--- End   K-Means Iteration ---
Coefs 0 : 42482 / 154796 = 0.274439

--- GMM Component 0 Para begin---
mean: (34.0321,45.9688,41.7617)

cov:
35.3494,12.8196,19.8195;
12.8196,59.2588,6.55651;
19.8195,6.55651,33.1235;

det: 42476.9

cov inverse:
0.0451981,-0.0069375,-0.0256711;
-0.0069375,0.0183178,0.000525203;
-0.0256711,0.000525203,0.0454464;
--- GMM Component 0 Para end---

Coefs 1 : 54208 / 154796 = 0.35019

--- GMM Component 1 Para begin---
mean: (22.0802,30.9394,29.194)

cov:
19.9045,2.7905,14.5519;
2.7905,30.7199,5.05245;
14.5519,5.05245,22.6143;

det: 7048.85

cov inverse:
0.0949348,0.00147788,-0.0614188;
0.00147788,0.033817,-0.00850631;
-0.0614188,-0.00850631,0.085642;
--- GMM Component 1 Para end---

Coefs 2 : 17240 / 154796 = 0.111372

--- GMM Component 2 Para begin---
mean: (56.2756,72.4183,59.7301)

cov:
101.606,66.0894,53.7529;
66.0894,130.647,40.7722;
53.7529,40.7722,90.0865;

det: 545663

cov inverse:
0.0185227,-0.00689462,-0.00793171;
-0.00689462,0.0114795,-0.00108162;
-0.00793171,-0.00108162,0.0163227;
--- GMM Component 2 Para end---

Coefs 3 : 2898 / 154796 = 0.0187214

--- GMM Component 3 Para begin---
mean: (106.382,115.504,95.7947)

cov:
889.621,629.42,598.896;
629.42,537.445,461.746;
598.896,461.746,589.985;

det: 1.40234e+07

cov inverse:
0.00740728,-0.0067609,-0.0022278;
-0.0067609,0.0118507,-0.00241178;
-0.0022278,-0.00241178,0.00584396;
--- GMM Component 3 Para end---

Coefs 4 : 37968 / 154796 = 0.245278

--- GMM Component 4 Para begin---
mean: (10.7232,18.2523,15.5496)

cov:
20.2444,11.1884,19.0213;
11.1884,34.2192,19.2253;
19.0213,19.2253,29.5942;

det: 5116.19

cov inverse:
0.125694,0.0067589,-0.0851795;
0.0067589,0.0463831,-0.0344761;
-0.0851795,-0.0344761,0.110935;
--- GMM Component 4 Para end---

Coefs 0 : 6814 / 85204 = 0.0799728

--- GMM Component 0 Para begin---
mean: (196.51,187.419,188.719)

cov:
515.345,467.272,439.585;
467.272,551.864,575.262;
439.585,575.262,657.622;

det: 2.58424e+06

cov inverse:
0.0123794,-0.0210552,0.0101433;
-0.0210552,0.0563676,-0.0352339;
0.0101433,-0.0352339,0.0255616;
--- GMM Component 0 Para end---

Coefs 1 : 23387 / 85204 = 0.274482

--- GMM Component 1 Para begin---
mean: (38.31,47.647,44.1862)

cov:
66.0121,43.272,29.8799;
43.272,73.4423,36.8389;
29.8799,36.8389,44.0144;

det: 71077.4

cov inverse:
0.0263856,-0.0113095,-0.00844654;
-0.0113095,0.0283166,-0.0160226;
-0.00844654,-0.0160226,0.0418644;
--- GMM Component 1 Para end---

Coefs 2 : 10198 / 85204 = 0.119689

--- GMM Component 2 Para begin---
mean: (143.488,129.162,121.077)

cov:
406.965,227.875,152.9;
227.875,239.104,267.012;
152.9,267.012,468.648;

det: 5.26906e+06

cov inverse:
0.00773571,-0.0125197,0.00460924;
-0.0125197,0.0317599,-0.0140106;
0.00460924,-0.0140106,0.00861251;
--- GMM Component 2 Para end---

Coefs 3 : 11414 / 85204 = 0.133961

--- GMM Component 3 Para begin---
mean: (74.426,82.2183,70.4954)

cov:
318.889,121.691,106.473;
121.691,150.32,101.058;
106.473,101.058,163.298;

det: 3.06748e+06

cov inverse:
0.00467299,-0.00297054,-0.00120854;
-0.00297054,0.0132804,-0.00628181;
-0.00120854,-0.00628181,0.0107993;
--- GMM Component 3 Para end---

Coefs 4 : 33391 / 85204 = 0.391895

--- GMM Component 4 Para begin---
mean: (21.741,29.6298,28.6146)

cov:
34.0965,20.9156,29.3933;
20.9156,33.0185,29.2652;
29.3933,29.2652,47.3974;

det: 10880.6

cov inverse:
0.0651198,-0.0120531,-0.0329416;
-0.0120531,0.0691254,-0.0352063;
-0.0329416,-0.0352063,0.0632646;
--- GMM Component 4 Para end---

===== GMM INIT DURATION: 46ms =====
--- Start Train 1---
Coefs 0 : 41215 / 154796 = 0.266254

--- GMM Component 0 Para begin---
mean: (33.9278,46.129,41.8532)

cov:
36.436,9.86158,25.0465;
9.86158,54.7225,7.98076;
25.0465,7.98076,35.8108;

det: 35212.1

cov inverse:
0.0538441,-0.00435249,-0.0366892;
-0.00435249,0.0192397,-0.00124356;
-0.0366892,-0.00124356,0.0538626;
--- GMM Component 0 Para end---

Coefs 1 : 54272 / 154796 = 0.350603

--- GMM Component 1 Para begin---
mean: (22.2459,30.9749,29.5053)

cov:
20.2937,2.6738,17.3192;
2.6738,27.2399,6.58706;
17.3192,6.58706,24.3915;

det: 4868.02

cov inverse:
0.127574,0.0100379,-0.0932949;
0.0100379,0.0400655,-0.0179473;
-0.0932949,-0.0179473,0.112089;
--- GMM Component 1 Para end---

Coefs 2 : 17640 / 154796 = 0.113956

--- GMM Component 2 Para begin---
mean: (55.9288,72.2639,59.3439)

cov:
103.753,69.8198,70.6959;
69.8198,136.907,58.1771;
70.6959,58.1771,113.286;

det: 595834

cov inverse:
0.0203496,-0.00637205,-0.00942685;
-0.00637205,0.0113384,-0.00184629;
-0.00942685,-0.00184629,0.0156582;
--- GMM Component 2 Para end---

Coefs 3 : 3305 / 154796 = 0.0213507

--- GMM Component 3 Para begin---
mean: (97.2596,105.93,83.3985)

cov:
1408.35,1160.26,1245.25;
1160.26,1086.98,1116;
1245.25,1116,1367.95;

det: 3.78526e+07

cov inverse:
0.0063795,-0.00521688,-0.00155124;
-0.00521688,0.00993099,-0.00335296;
-0.00155124,-0.00335296,0.00487853;
--- GMM Component 3 Para end---

Coefs 4 : 38364 / 154796 = 0.247836

--- GMM Component 4 Para begin---
mean: (10.8072,18.2236,15.7873)

cov:
19.7992,11.9189,19.9532;
11.9189,31.8342,20.8233;
19.9532,20.8233,30.1717;

det: 3375.89

cov inverse:
0.156072,0.0165518,-0.114637;
0.0165518,0.0590198,-0.0516791;
-0.114637,-0.0516791,0.144623;
--- GMM Component 4 Para end---

Coefs 0 : 6770 / 85204 = 0.0794564

--- GMM Component 0 Para begin---
mean: (195.599,187.363,189.338)

cov:
545.239,497.598,471.926;
497.598,560.742,570.723;
471.926,570.723,621.77;

det: 1.70834e+06

cov inverse:
0.0134206,-0.0234452,0.0113341;
-0.0234452,0.0680774,-0.0446933;
0.0113341,-0.0446933,0.0340298;
--- GMM Component 0 Para end---

Coefs 1 : 20139 / 85204 = 0.236362

--- GMM Component 1 Para begin---
mean: (39.2897,48.8618,44.6205)

cov:
57.9284,34.3177,34.9693;
34.3177,67.3254,43.5466;
34.9693,43.5466,59.7261;

det: 74933.9

cov inverse:
0.0283554,-0.00703106,-0.0114755;
-0.00703106,0.0298528,-0.0176492;
-0.0114755,-0.0176492,0.0363301;
--- GMM Component 1 Para end---

Coefs 2 : 10636 / 85204 = 0.12483

--- GMM Component 2 Para begin---
mean: (143.317,128.03,119.152)

cov:
473.82,289.029,205.332;
289.029,289.134,318.444;
205.332,318.444,532.052;

det: 6.00196e+06

cov inverse:
0.00873514,-0.0147272,0.00544341;
-0.0147272,0.0349779,-0.0152514;
0.00544341,-0.0152514,0.00890702;
--- GMM Component 2 Para end---

Coefs 3 : 11416 / 85204 = 0.133984

--- GMM Component 3 Para begin---
mean: (72.2141,80.9813,69.0412)

cov:
270.203,120.583,132.735;
120.583,183.986,142.81;
132.735,142.81,205.549;

det: 3.0491e+06

cov inverse:
0.00571433,-0.001912,-0.00236167;
-0.001912,0.012437,-0.00740615;
-0.00236167,-0.00740615,0.0115357;
--- GMM Component 3 Para end---

Coefs 4 : 36243 / 85204 = 0.425367

--- GMM Component 4 Para begin---
mean: (22.3363,30.2876,29.7508)

cov:
34.4874,24.6165,36.2144;
24.6165,34.6794,34.7909;
36.2144,34.7909,53.3258;

det: 6268.79

cov inverse:
0.101917,-0.00841612,-0.0637229;
-0.00841612,0.0841601,-0.0491924;
-0.0637229,-0.0491924,0.0941222;
--- GMM Component 4 Para end---

===== GMM BEFORE TRAIN DURATION: 68ms =====
--- Generate Graph ... ---
===== GMM GenerateGraph TRAIN DURATION: 177ms =====
--- Maxflow ... ---
=== Max Flow Energy: 747718 ===
===== GMM MAXFLOW DURATION: 359ms =====
--- Start Train 2---
Coefs 0 : 58918 / 218913 = 0.269139

--- GMM Component 0 Para begin---
mean: (34.2747,45.8972,42.1222)

cov:
37.5543,11.3028,26.9328;
11.3028,47.9759,13.1558;
26.9328,13.1558,36.7124;

det: 28164.1

cov inverse:
0.0563922,-0.00215275,-0.0405988;
-0.00215275,0.0231974,-0.00673346;
-0.0405988,-0.00673346,0.0594356;
--- GMM Component 0 Para end---

Coefs 1 : 81787 / 218913 = 0.373605

--- GMM Component 1 Para begin---
mean: (22.6787,31.029,30.2081)

cov:
19.513,4.57408,17.8829;
4.57408,22.1317,9.23262;
17.8829,9.23262,25.8461;

det: 3390.44

cov inverse:
0.143573,0.0138283,-0.104278;
0.0138283,0.0544282,-0.0290104;
-0.104278,-0.0290104,0.121203;
--- GMM Component 1 Para end---

Coefs 2 : 28555 / 218913 = 0.13044

--- GMM Component 2 Para begin---
mean: (56.6316,72.4378,60.1478)

cov:
107.452,81.435,86.0461;
81.435,151.174,83.7183;
86.0461,83.7183,123.203;

det: 485138

cov inverse:
0.0239446,-0.00583223,-0.01276;
-0.00583223,0.0120265,-0.00409892;
-0.01276,-0.00409892,0.0198136;
--- GMM Component 2 Para end---

Coefs 3 : 6264 / 218913 = 0.0286141

--- GMM Component 3 Para begin---
mean: (82.4387,90.4535,70.4104)

cov:
1764.01,1605.05,1652.84;
1605.05,1630.71,1601.35;
1652.84,1601.35,1765.95;

det: 4.85109e+07

cov inverse:
0.00650178,-0.00386843,-0.00257747;
-0.00386843,0.00790059,-0.00354356;
-0.00257747,-0.00354356,0.00619194;
--- GMM Component 3 Para end---

Coefs 4 : 43389 / 218913 = 0.198202

--- GMM Component 4 Para begin---
mean: (11.0341,18.4638,16.1336)

cov:
19.024,11.6918,19.1859;
11.6918,29.4168,20.8139;
19.1859,20.8139,29.2768;

det: 2649.98

cov inverse:
0.161515,0.0215223,-0.121146;
0.0215223,0.0712698,-0.0647723;
-0.121146,-0.0647723,0.159596;
--- GMM Component 4 Para end---

Coefs 0 : 6656 / 21087 = 0.315645

--- GMM Component 0 Para begin---
mean: (194.818,187.318,189.946)

cov:
577.324,529.985,503.748;
529.985,578.23,577.517;
503.748,577.517,607.406;

det: 1.24166e+06

cov inverse:
0.014251,-0.0249611,0.0119139;
-0.0249611,0.0780471,-0.0535052;
0.0119139,-0.0535052,0.0426379;
--- GMM Component 0 Para end---

Coefs 1 : 646 / 21087 = 0.030635

--- GMM Component 1 Para begin---
mean: (45.7508,43.1842,39.4644)

cov:
64.1283,57.3323,73.3448;
57.3323,79.785,98.1699;
73.3448,98.1699,155.456;

det: 62792.7

cov inverse:
0.0440456,-0.0272708,-0.00355951;
-0.0272708,0.0730925,-0.0332911;
-0.00355951,-0.0332911,0.0291353;
--- GMM Component 1 Para end---

Coefs 2 : 10728 / 21087 = 0.508749

--- GMM Component 2 Para begin---
mean: (143.668,127.062,117.446)

cov:
532.008,362.287,289.976;
362.287,353.975,392.285;
289.976,392.285,617.311;

det: 6.01615e+06

cov inverse:
0.0107419,-0.0182658,0.00656158;
-0.0182658,0.040612,-0.0172277;
0.00656158,-0.0172277,0.00948546;
--- GMM Component 2 Para end---

Coefs 3 : 2953 / 21087 = 0.140039

--- GMM Component 3 Para begin---
mean: (83.126,75.8239,69.5097)

cov:
186.273,164.821,153.04;
164.821,193.103,222.267;
153.04,222.267,353.274;

det: 598106

cov inverse:
0.0314584,-0.0404797,0.0118403;
-0.0404797,0.0708636,-0.0270488;
0.0118403,-0.0270488,0.0147195;
--- GMM Component 3 Para end---

Coefs 4 : 104 / 21087 = 0.00493195

--- GMM Component 4 Para begin---
mean: (24.2885,26.8462,24.9808)

cov:
40.1283,35.2559,53.1209;
35.2559,46.0917,54.6701;
53.1209,54.6701,88.2304;

det: 8296.7

cov inverse:
0.129915,-0.0248914,-0.0627948;
-0.0248914,0.0866255,-0.0386893;
-0.0627948,-0.0386893,0.0731139;
--- GMM Component 4 Para end---

===== GMM BEFORE TRAIN DURATION: 62ms =====
--- Generate Graph ... ---
===== GMM GenerateGraph TRAIN DURATION: 171ms =====
--- Maxflow ... ---
=== Max Flow Energy: 707660 ===
===== GMM MAXFLOW DURATION: 203ms =====
--- Start Train 3---
Coefs 0 : 56385 / 218801 = 0.2577

--- GMM Component 0 Para begin---
mean: (34.2552,46.1379,42.1687)

cov:
41.4244,10.351,31.5438;
10.351,43.0805,14.7845;
31.5438,14.7845,40.8529;

det: 26262.8

cov inverse:
0.0586908,0.00165608,-0.0459163;
0.00165608,0.0265508,-0.0108873;
-0.0459163,-0.0108873,0.0638715;
--- GMM Component 0 Para end---

Coefs 1 : 83177 / 218801 = 0.380149

--- GMM Component 1 Para begin---
mean: (22.9399,31.0399,30.5952)

cov:
19.7397,6.59109,19.2579;
6.59109,20.8628,11.7178;
19.2579,11.7178,27.5944;

det: 2692.29

cov inverse:
0.162832,0.0162623,-0.120545;
0.0162623,0.0645691,-0.0387681;
-0.120545,-0.0387681,0.136829;
--- GMM Component 1 Para end---

Coefs 2 : 28632 / 218801 = 0.130859

--- GMM Component 2 Para begin---
mean: (56.4732,72.6384,60.3385)

cov:
116.255,89.9302,99.3647;
89.9302,156.207,94.2088;
99.3647,94.2088,130.792;

det: 426976

cov inverse:
0.027063,-0.00562348,-0.0165096;
-0.00562348,0.0124873,-0.00472233;
-0.0165096,-0.00472233,0.0235899;
--- GMM Component 2 Para end---

Coefs 3 : 7698 / 218801 = 0.0351827

--- GMM Component 3 Para begin---
mean: (70.7014,79.9015,59.3966)

cov:
1883.31,1695.37,1726.11;
1695.37,1694.58,1630.91;
1726.11,1630.91,1756.07;

det: 4.40126e+07

cov inverse:
0.00717814,-0.00368163,-0.00363646;
-0.00368163,0.00744672,-0.00329716;
-0.00363646,-0.00329716,0.00720606;
--- GMM Component 3 Para end---

Coefs 4 : 42909 / 218801 = 0.19611

--- GMM Component 4 Para begin---
mean: (11.0164,18.3881,16.1751)

cov:
18.8571,11.7402,19.2375;
11.7402,29.0163,21.126;
19.2375,21.126,29.3258;

det: 2392.2

cov inverse:
0.16914,0.0259681,-0.129662;
0.0259681,0.0764647,-0.0721193;
-0.129662,-0.0721193,0.171111;
--- GMM Component 4 Para end---

Coefs 0 : 6532 / 21199 = 0.308128

--- GMM Component 0 Para begin---
mean: (193.925,187.246,190.414)

cov:
614.058,564.973,539.245;
564.973,596.912,588.273;
539.245,588.273,602.897;

det: 911554

cov inverse:
0.0151511,-0.0256672,0.0114931;
-0.0256672,0.0871355,-0.0620647;
0.0114931,-0.0620647,0.0519382;
--- GMM Component 0 Para end---

Coefs 1 : 684 / 21199 = 0.0322657

--- GMM Component 1 Para begin---
mean: (44.9722,41.6886,36.8494)

cov:
59.0709,52.1712,67.9666;
52.1712,76.8606,100.693;
67.9666,100.693,169.572;

det: 68465

cov inverse:
0.0422753,-0.0292564,0.000428124;
-0.0292564,0.0788334,-0.0350853;
0.000428124,-0.0350853,0.0265594;
--- GMM Component 1 Para end---

Coefs 2 : 10957 / 21199 = 0.516864

--- GMM Component 2 Para begin---
mean: (144.777,127.715,117.754)

cov:
598.423,417.326,347.228;
417.326,396.144,430.334;
347.228,430.334,645.554;

det: 6.74025e+06

cov inverse:
0.0104662,-0.0178009,0.00623681;
-0.0178009,0.0394269,-0.0167078;
0.00623681,-0.0167078,0.00933202;
--- GMM Component 2 Para end---

Coefs 3 : 2922 / 21199 = 0.137837

--- GMM Component 3 Para begin---
mean: (82.9011,75.8723,70.2817)

cov:
165.362,149.488,143.37;
149.488,177.192,215.32;
143.37,215.32,354.909;

det: 388823

cov inverse:
0.0424987,-0.0570548,0.0174467;
-0.0570548,0.0980743,-0.0364527;
0.0174467,-0.0364527,0.0178853;
--- GMM Component 3 Para end---

Coefs 4 : 104 / 21199 = 0.00490589

--- GMM Component 4 Para begin---
mean: (24.2885,26.8462,24.9808)

cov:
40.1283,35.2559,53.1209;
35.2559,46.0917,54.6701;
53.1209,54.6701,88.2304;

det: 8296.7

cov inverse:
0.129915,-0.0248914,-0.0627948;
-0.0248914,0.0866255,-0.0386893;
-0.0627948,-0.0386893,0.0731139;
--- GMM Component 4 Para end---

===== GMM BEFORE TRAIN DURATION: 62ms =====
--- Generate Graph ... ---
===== GMM GenerateGraph TRAIN DURATION: 171ms =====
--- Maxflow ... ---
=== Max Flow Energy: 704614 ===
===== GMM MAXFLOW DURATION: 187ms =====
===== GMM TOTAL DURATION: 797ms =====
generateTenColorImage...
generateTenColorImage...
OutputSwitcher Destructed
