read new image: ex2.jpg at D:\Code\C\clionCpp\GrabCut\test_textures\ex2.jpg
Image Size: 400*600

Rect: From (33,190) To (406,438)

initByKmeans bkGMM with 149598 bkSamples
Init RGB: (R:30,G:38,B:40) (R:26,G:53,B:36) (R:25,G:30,B:33) (R:5,G:11,B:9) (R:18,G:25,B:31) 
--- Begin K-Means Iteration ---
{size: 32473, mean: (34.3411,41.6977,42.2679)} {size: 31919, mean: (48.8425,67.7507,52.7506)} {size: 26704, mean: (24.3975,31.9938,31.3423)} {size: 21960, mean: (8.22974,15.3644,12.1579)} {size: 36542, mean: (16.6441,25.0141,23.2624)} 
{size: 33823, mean: (33.7925,44.7465,41.6379)} {size: 22420, mean: (59.0952,74.8574,61.3813)} {size: 37584, mean: (24.2747,33.4366,31.6803)} {size: 21501, mean: (8.15646,15.1227,12.1306)} {size: 34270, mean: (16.3121,24.7686,22.5952)} 
{size: 36767, mean: (35.2142,47.4219,42.7324)} {size: 17152, mean: (64.3253,79.6544,65.5125)} {size: 40001, mean: (24.5738,33.5778,32.0562)} {size: 20903, mean: (8.07281,14.9323,11.9918)} {size: 34775, mean: (16.2432,24.6541,22.5036)} 
{size: 35828, mean: (36.8016,49.5457,43.9999)} {size: 14277, mean: (67.7506,83.1031,68.1366)} {size: 43662, mean: (25.0126,34.0393,32.6217)} {size: 20685, mean: (8.04569,14.8698,11.9334)} {size: 35146, mean: (16.2259,24.6692,22.4758)} 
{size: 33940, mean: (38.1918,51.3093,45.1706)} {size: 12527, mean: (70.1866,85.5732,69.9294)} {size: 45902, mean: (25.569,34.7383,33.2306)} {size: 20656, mean: (8.04754,14.8543,11.928)} {size: 36573, mean: (16.385,24.8164,22.6803)} 
{size: 32459, mean: (39.3985,52.7558,46.2103)} {size: 11182, mean: (72.3175,87.6837,71.4885)} {size: 47381, mean: (26.0337,35.3547,33.7282)} {size: 20852, mean: (8.06676,14.9168,11.9786)} {size: 37724, mean: (16.5784,25.0066,22.8804)} 
{size: 31022, mean: (40.5533,54.1437,47.1377)} {size: 10060, mean: (74.3214,89.641,72.9986)} {size: 48711, mean: (26.4757,35.8984,34.2241)} {size: 20994, mean: (8.09064,14.9625,12.0077)} {size: 38811, mean: (16.7318,25.2045,23.0467)} 
{size: 29739, mean: (41.5886,55.3828,47.9514)} {size: 9170, mean: (76.0971,91.3558,74.3339)} {size: 49097, mean: (26.9217,36.5105,34.7211)} {size: 21179, mean: (8.09472,15.0437,12.0469)} {size: 40413, mean: (16.994,25.3999,23.3292)} 
{size: 28409, mean: (42.5366,56.5278,48.7217)} {size: 8488, mean: (77.6337,92.7557,75.4617)} {size: 49719, mean: (27.3249,37.0361,35.1575)} {size: 21880, mean: (8.23702,15.1713,12.2578)} {size: 41102, mean: (17.2359,25.6888,23.5868)} 
{size: 26891, mean: (43.4959,57.8448,49.4594)} {size: 7886, mean: (79.1386,94.0528,76.5453)} {size: 49288, mean: (27.8793,37.7645,35.7589)} {size: 22710, mean: (8.39921,15.3434,12.48)} {size: 42823, mean: (17.6543,26.0474,24.0703)} 
{size: 25371, mean: (44.5072,59.088,50.2598)} {size: 7364, mean: (80.5493,95.266,77.5519)} {size: 49618, mean: (28.3716,38.3429,36.27)} {size: 23726, mean: (8.59412,15.5909,12.6952)} {size: 43519, mean: (17.937,26.4103,24.4315)} 
{size: 24101, mean: (45.4857,60.3289,51.0274)} {size: 6844, mean: (82.0747,96.546,78.6774)} {size: 48341, mean: (28.9517,39.1729,36.8779)} {size: 24437, mean: (8.67553,15.8058,12.8445)} {size: 45875, mean: (18.4213,26.7633,24.9688)} 
{size: 23085, mean: (46.4577,61.4704,51.8317)} {size: 6320, mean: (83.7617,97.9712,79.8837)} {size: 48149, mean: (29.4058,39.7149,37.3241)} {size: 25425, mean: (8.84271,16.0099,13.0898)} {size: 46619, mean: (18.7063,27.133,25.29)} 
{size: 22286, mean: (47.329,62.4802,52.5485)} {size: 5859, mean: (85.3733,99.3297,81.0836)} {size: 46493, mean: (29.9095,40.5195,37.8238)} {size: 26606, mean: (9.04514,16.2463,13.3647)} {size: 48354, mean: (19.1999,27.5445,25.8517)} 
{size: 21380, mean: (48.2181,63.5757,53.261)} {size: 5447, mean: (86.9972,100.626,82.201)} {size: 46231, mean: (30.3574,41.005,38.271)} {size: 27837, mean: (9.22463,16.5423,13.6121)} {size: 48703, mean: (19.4975,27.9011,26.1919)} 
--- End   K-Means Iteration ---
initByKmeans frGMM with 90402 frSamples
Init RGB: (R:22,G:30,B:32) (R:25,G:31,B:29) (R:18,G:26,B:28) (R:14,G:20,B:18) (R:36,G:40,B:43) 
--- Begin K-Means Iteration ---
{size: 13600, mean: (23.4966,32.181,33.6081)} {size: 8173, mean: (26.817,33.7296,29.9303)} {size: 6279, mean: (18.1803,26.8613,25.1653)} {size: 5896, mean: (12.6257,20.9976,16.7371)} {size: 56454, mean: (84.318,87.0518,81.4801)} 
{size: 22229, mean: (26.2463,35.0369,36.4275)} {size: 24116, mean: (37.4199,46.3923,41.2823)} {size: 8572, mean: (18.698,27.1956,25.0902)} {size: 5228, mean: (12.0467,20.5507,16.2749)} {size: 30257, mean: (124.874,121.692,114.115)} 
{size: 22661, mean: (26.707,35.0331,35.1196)} {size: 29093, mean: (47.7243,58.4109,51.513)} {size: 12725, mean: (20.0676,28.0169,26.2081)} {size: 5056, mean: (11.9157,20.4187,16.1458)} {size: 20867, mean: (152.305,142.198,136.513)} 
{size: 29238, mean: (28.9788,37.5545,36.837)} {size: 24231, mean: (57.7114,67.6254,58.714)} {size: 13525, mean: (20.4651,28.4058,26.9633)} {size: 5593, mean: (12.229,20.8464,16.5793)} {size: 17815, mean: (162.59,150.592,146.007)} 
{size: 30733, mean: (31.6048,40.6184,39.0079)} {size: 20072, mean: (66.421,75.0646,64.805)} {size: 17299, mean: (21.3684,29.1428,28.2796)} {size: 5895, mean: (12.4036,21.0648,16.8226)} {size: 16403, mean: (167.051,154.66,150.6)} 
{size: 29644, mean: (34.2761,43.6735,41.1957)} {size: 17437, mean: (73.9783,81.0373,69.9036)} {size: 21244, mean: (22.4224,30.2205,29.6673)} {size: 6677, mean: (12.8907,21.5777,17.3982)} {size: 15400, mean: (170.062,157.561,154.008)} 
{size: 27648, mean: (36.9815,46.625,43.3505)} {size: 15595, mean: (80.4274,85.9777,74.1615)} {size: 24733, mean: (23.5148,31.4126,31.0054)} {size: 7772, mean: (13.5274,22.1796,18.1799)} {size: 14654, mean: (172.237,159.752,156.613)} 
{size: 24747, mean: (39.8474,49.7795,45.563)} {size: 14433, mean: (86.101,90.0756,77.8555)} {size: 28259, mean: (24.6559,32.6627,32.3397)} {size: 8986, mean: (14.1552,22.7595,18.987)} {size: 13977, mean: (174.191,161.747,159.013)} 
{size: 22502, mean: (42.7141,52.9575,47.8014)} {size: 13458, mean: (91.6996,93.8664,81.4313)} {size: 30835, mean: (25.6784,33.7712,33.4208)} {size: 10256, mean: (14.7664,23.3128,19.7616)} {size: 13351, mean: (175.937,163.65,161.301)} 
{size: 21019, mean: (45.5348,56.1995,50.0234)} {size: 12530, mean: (97.8279,97.6388,85.4229)} {size: 32784, mean: (26.539,34.7567,34.2928)} {size: 11349, mean: (15.282,23.743,20.3832)} {size: 12720, mean: (177.755,165.615,163.592)} 
{size: 19995, mean: (48.655,59.7339,52.4236)} {size: 11545, mean: (105.054,101.872,90.0632)} {size: 34233, mean: (27.384,35.7284,35.144)} {size: 12574, mean: (15.8014,24.2211,21.0358)} {size: 12055, mean: (179.642,167.738,166.129)} 
{size: 19135, mean: (51.9221,63.3737,55.017)} {size: 10673, mean: (112.95,106.411,95.1367)} {size: 35223, mean: (28.2858,36.7362,35.9877)} {size: 14014, mean: (16.3619,24.7278,21.7677)} {size: 11357, mean: (181.629,170.058,168.836)} 
{size: 18109, mean: (55.098,66.6685,57.4657)} {size: 10259, mean: (120.056,110.79,99.9836)} {size: 35635, mean: (29.2768,37.8363,36.8736)} {size: 15813, mean: (16.9909,25.3055,22.6089)} {size: 10586, mean: (183.831,172.669,171.961)} 
{size: 17043, mean: (58.0392,69.468,59.6585)} {size: 10244, mean: (125.688,114.748,104.43)} {size: 35037, mean: (30.3861,39.1127,37.8365)} {size: 18309, mean: (17.7678,25.9573,23.6909)} {size: 9769, mean: (186.381,175.571,175.277)} 
{size: 16129, mean: (60.7511,71.8967,61.5972)} {size: 10301, mean: (130.086,118.076,108.187)} {size: 33423, mean: (31.6233,40.5412,38.9083)} {size: 21484, mean: (18.6218,26.7195,24.8527)} {size: 9065, mean: (188.696,178.185,178.263)} 
--- End   K-Means Iteration ---
Coefs 0 : 21380 / 149598 = 0.142916

--- GMM Component 0 Para begin---
mean: (48.2181,63.5757,53.261)

cov:
78.7982,43.2092,41.9261;
43.2092,107.46,25.9036;
41.9261,25.9036,74.0081;

det: 340585

cov inverse:
0.0213805,-0.00620048,-0.00994199;
-0.00620048,0.0119615,-0.00067403;
-0.00994199,-0.00067403,0.0193802;
--- GMM Component 0 Para end---

Coefs 1 : 5447 / 149598 = 0.0364109

--- GMM Component 1 Para begin---
mean: (86.9972,100.626,82.201)

cov:
622.824,475.805,416.082;
475.805,440.753,338.119;
416.082,338.119,409.495;

det: 6.07382e+06

cov inverse:
0.010893,-0.00891614,-0.00370613;
-0.00891614,0.0134874,-0.00207693;
-0.00370613,-0.00207693,0.00792268;
--- GMM Component 1 Para end---

Coefs 2 : 46231 / 149598 = 0.309035

--- GMM Component 2 Para begin---
mean: (30.3574,41.005,38.271)

cov:
27.3779,6.33699,16.9941;
6.33699,45.9543,4.63495;
16.9941,4.63495,28.4422;

det: 21780.6

cov inverse:
0.0590231,-0.00465881,-0.0345067;
-0.00465881,0.0224921,-0.000881713;
-0.0345067,-0.000881713,0.0559202;
--- GMM Component 2 Para end---

Coefs 3 : 27837 / 149598 = 0.186079

--- GMM Component 3 Para begin---
mean: (9.22463,16.5423,13.6121)

cov:
15.8996,7.78701,13.8835;
7.78701,30.2039,15.3285;
13.8835,15.3285,23.332;

det: 3546.6

cov inverse:
0.132451,0.00877684,-0.0845805;
0.00877684,0.0502503,-0.0382358;
-0.0845805,-0.0382358,0.118309;
--- GMM Component 3 Para end---

Coefs 4 : 48703 / 149598 = 0.325559

--- GMM Component 4 Para begin---
mean: (19.4975,27.9011,26.1919)

cov:
17.8351,1.86188,12.9271;
1.86188,27.1897,3.97101;
12.9271,3.97101,19.352;

det: 4683.51

cov inverse:
0.108979,0.00326736,-0.0734686;
0.00326736,0.0380129,-0.00998281;
-0.0734686,-0.00998281,0.1028;
--- GMM Component 4 Para end---

Coefs 0 : 16129 / 90402 = 0.178414

--- GMM Component 0 Para begin---
mean: (60.7511,71.8967,61.5972)

cov:
189.289,104.907,85.1443;
104.907,166.683,96.2712;
85.1443,96.2712,116.421;

det: 1.14906e+06

cov inverse:
0.00882224,-0.00349541,-0.00356169;
-0.00349541,0.0128693,-0.00808557;
-0.00356169,-0.00808557,0.0178805;
--- GMM Component 0 Para end---

Coefs 1 : 10301 / 90402 = 0.113947

--- GMM Component 1 Para begin---
mean: (130.086,118.076,108.187)

cov:
513.799,265.342,185.683;
265.342,244.07,252.813;
185.683,252.813,440.169;

det: 7.86551e+06

cov inverse:
0.00553275,-0.00888086,0.0027668;
-0.00888086,0.0243697,-0.0102505;
0.0027668,-0.0102505,0.00699211;
--- GMM Component 1 Para end---

Coefs 2 : 33423 / 90402 = 0.369715

--- GMM Component 2 Para begin---
mean: (31.6233,40.5412,38.9083)

cov:
41.4497,27.2123,19.9701;
27.2123,48.2689,24.0359;
19.9701,24.0359,31.4619;

det: 22576.4

cov inverse:
0.0416766,-0.0166611,-0.0137253;
-0.0166611,0.0400985,-0.0200585;
-0.0137253,-0.0200585,0.0558206;
--- GMM Component 2 Para end---

Coefs 3 : 21484 / 90402 = 0.23765

--- GMM Component 3 Para begin---
mean: (18.6218,26.7195,24.8527)

cov:
28.2809,13.9458,22.994;
13.9458,25.758,21.7974;
22.994,21.7974,39.8288;

det: 8191.22

cov inverse:
0.0672409,-0.00662091,-0.035196;
-0.00662091,0.0729649,-0.0361097;
-0.035196,-0.0361097,0.0651888;
--- GMM Component 3 Para end---

Coefs 4 : 9065 / 90402 = 0.100274

--- GMM Component 4 Para begin---
mean: (188.696,178.185,178.263)

cov:
615.384,575.751,556.626;
575.751,683.284,730.377;
556.626,730.377,855.825;

det: 4.32122e+06

cov inverse:
0.0118764,-0.0199468,0.00929861;
-0.0199468,0.0501774,-0.029849;
0.00929861,-0.029849,0.0205943;
--- GMM Component 4 Para end---

===== GMM INIT DURATION: 52ms =====
--- Start Train 1---
Coefs 0 : 21260 / 149598 = 0.142114

--- GMM Component 0 Para begin---
mean: (48.2431,64.0409,53.2184)

cov:
82.7031,43.3701,58.8923;
43.3701,107.328,40.5447;
58.8923,40.5447,95.232;

det: 365100

cov inverse:
0.0234926,-0.00477252,-0.0124962;
-0.00477252,0.0120725,-0.00218846;
-0.0124962,-0.00218846,0.0191601;
--- GMM Component 0 Para end---

Coefs 1 : 5787 / 149598 = 0.0386837

--- GMM Component 1 Para begin---
mean: (82.7705,95.9898,75.1529)

cov:
857.252,717.34,731.329;
717.34,699.996,667.623;
731.329,667.623,829.573;

det: 1.49288e+07

cov inverse:
0.00904142,-0.00715627,-0.00221145;
-0.00715627,0.0118102,-0.00319581;
-0.00221145,-0.00319581,0.00572692;
--- GMM Component 1 Para end---

Coefs 2 : 44685 / 149598 = 0.298701

--- GMM Component 2 Para begin---
mean: (30.4896,41.4434,38.7218)

cov:
29.9411,4.96296,22.5685;
4.96296,40.4546,6.42392;
22.5685,6.42392,30.6363;

det: 15952.1

cov inverse:
0.0751069,-0.000443098,-0.0552353;
-0.000443098,0.0255731,-0.00503584;
-0.0552353,-0.00503584,0.0743865;
--- GMM Component 2 Para end---

Coefs 3 : 27544 / 149598 = 0.18412

--- GMM Component 3 Para begin---
mean: (9.21337,16.395,13.6854)

cov:
15.4249,8.21249,14.2352;
8.21249,27.6775,16.5353;
14.2352,16.5353,23.0433;

det: 2323.72

cov inverse:
0.156802,0.0198558,-0.111114;
0.0198558,0.0657566,-0.0594512;
-0.111114,-0.0594512,0.154699;
--- GMM Component 3 Para end---

Coefs 4 : 50322 / 149598 = 0.336382

--- GMM Component 4 Para begin---
mean: (19.7481,27.8592,26.5639)

cov:
19.1734,2.74983,16.0963;
2.74983,23.7558,5.71918;
16.0963,5.71918,21.1116;

det: 3180.48

cov inverse:
0.147403,0.0106917,-0.115283;
0.0106917,0.0458075,-0.0205611;
-0.115283,-0.0205611,0.140834;
--- GMM Component 4 Para end---

Coefs 0 : 16533 / 90402 = 0.182883

--- GMM Component 0 Para begin---
mean: (59.4685,71.1163,60.3094)

cov:
176.596,126.43,120.856;
126.43,222.262,153.815;
120.856,153.815,173.499;

det: 1.31269e+06

cov inverse:
0.0113532,-0.00254906,-0.00564851;
-0.00254906,0.0122141,-0.00905274;
-0.00564851,-0.00905274,0.017724;
--- GMM Component 0 Para end---

Coefs 1 : 10458 / 90402 = 0.115683

--- GMM Component 1 Para begin---
mean: (130.627,116.977,106.383)

cov:
577.545,339.613,227.817;
339.613,308.977,306.184;
227.817,306.184,485.675;

det: 7.85006e+06

cov inverse:
0.00717371,-0.0121258,0.00427945;
-0.0121258,0.0291206,-0.0126707;
0.00427945,-0.0126707,0.00803958;
--- GMM Component 1 Para end---

Coefs 2 : 32155 / 90402 = 0.355689

--- GMM Component 2 Para begin---
mean: (31.6652,40.7374,39.3237)

cov:
37.8919,27.3451,24.3027;
27.3451,45.6369,26.3543;
24.3027,26.3543,33.397;

det: 14535.7

cov inverse:
0.0570725,-0.0187651,-0.0267234;
-0.0187651,0.0464271,-0.0229814;
-0.0267234,-0.0229814,0.0675243;
--- GMM Component 2 Para end---

Coefs 3 : 22165 / 90402 = 0.245183

--- GMM Component 3 Para begin---
mean: (18.7229,26.8545,25.2805)

cov:
26.3026,14.4495,25.4762;
14.4495,24.9737,22.6827;
25.4762,22.6827,40.8308;

det: 5253.82

cov inverse:
0.0961572,-0.00230569,-0.058716;
-0.00230569,0.0808776,-0.0434912;
-0.058716,-0.0434912,0.0852876;
--- GMM Component 3 Para end---

Coefs 4 : 9091 / 90402 = 0.100562

--- GMM Component 4 Para begin---
mean: (187.541,177.755,178.618)

cov:
656.695,616.818,593.875;
616.818,703.613,731.055;
593.875,731.055,816.839;

det: 3.11871e+06

cov inverse:
0.0129208,-0.0223442,0.0106037;
-0.0223442,0.058911,-0.0364791;
0.0106037,-0.0364791,0.0261631;
--- GMM Component 4 Para end---

===== GMM BEFORE TRAIN DURATION: 61ms =====
--- Generate Graph ... ---
===== GMM GenerateGraph TRAIN DURATION: 236ms =====
--- Maxflow ... ---
=== Max Flow Energy: 1.93566e+06 ===
===== GMM MAXFLOW DURATION: 1065ms =====
--- Start Train 2---
Coefs 0 : 35231 / 217220 = 0.16219

--- GMM Component 0 Para begin---
mean: (49.4326,64.6699,54.3474)

cov:
90.4647,59.6688,77.0926;
59.6688,125.129,71.1134;
77.0926,71.1134,109.362;

det: 301662

cov inverse:
0.028599,-0.00345803,-0.0179117;
-0.00345803,0.0130944,-0.00607711;
-0.0179117,-0.00607711,0.0257223;
--- GMM Component 0 Para end---

Coefs 1 : 10480 / 217220 = 0.048246

--- GMM Component 1 Para begin---
mean: (75.3842,88.7656,68.977)

cov:
931.302,845.077,887.706;
845.077,887.573,867.296;
887.706,867.296,1012.71;

det: 1.5174e+07

cov inverse:
0.00966464,-0.00566187,-0.0036228;
-0.00566187,0.0102225,-0.00379165;
-0.0036228,-0.00379165,0.00741028;
--- GMM Component 1 Para end---

Coefs 2 : 68592 / 217220 = 0.315772

--- GMM Component 2 Para begin---
mean: (30.7507,41.387,39.2275)

cov:
31.5385,8.85623,24.0951;
8.85623,34.2302,11.0983;
24.0951,11.0983,30.4944;

det: 11507.8

cov inverse:
0.0800028,-0.000230274,-0.0631303;
-0.000230274,0.0331231,-0.0118731;
-0.0631303,-0.0118731,0.0869965;
--- GMM Component 2 Para end---

Coefs 3 : 30607 / 217220 = 0.140903

--- GMM Component 3 Para begin---
mean: (9.4022,16.5387,13.9277)

cov:
15.0955,8.26044,13.6299;
8.26044,25.3136,16.4401;
13.6299,16.4401,22.0776;

det: 1849.24

cov inverse:
0.156057,0.022553,-0.113138;
0.022553,0.0797619,-0.073318;
-0.113138,-0.073318,0.169738;
--- GMM Component 3 Para end---

Coefs 4 : 72310 / 217220 = 0.332888

--- GMM Component 4 Para begin---
mean: (20.262,28.1766,27.2893)

cov:
19.5773,4.86179,17.642;
4.86179,18.8801,7.99107;
17.642,7.99107,23.4684;

det: 2364.09

cov inverse:
0.160411,0.0113703,-0.124459;
0.0113703,0.0626906,-0.0298939;
-0.124459,-0.0298939,0.14635;
--- GMM Component 4 Para end---

Coefs 0 : 2601 / 22780 = 0.114179

--- GMM Component 0 Para begin---
mean: (64.8439,59.1561,54.1084)

cov:
254.56,251.097,269.517;
251.097,280.862,318.203;
269.517,318.203,417.444;

det: 418029

cov inverse:
0.0382529,-0.0455889,0.0100534;
-0.0455889,0.080437,-0.0318806;
0.0100534,-0.0318806,0.0202062;
--- GMM Component 0 Para end---

Coefs 1 : 9899 / 22780 = 0.434548

--- GMM Component 1 Para begin---
mean: (133.356,117.006,105.427)

cov:
646.538,436.867,311.838;
436.867,388.915,376.277;
311.838,376.277,546.668;

det: 6.28824e+06

cov inverse:
0.0112944,-0.0193191,0.00685484;
-0.0193191,0.0407425,-0.0170232;
0.00685484,-0.0170232,0.0096363;
--- GMM Component 1 Para end---

Coefs 2 : 639 / 22780 = 0.0280509

--- GMM Component 2 Para begin---
mean: (35.6448,37.7919,39.0266)

cov:
45.7377,36.5207,24.9281;
36.5207,37.4669,27.8584;
24.9281,27.8584,46.8271;

det: 9734.06

cov inverse:
0.10051,-0.104345,0.00857136;
-0.104345,0.156189,-0.0373726;
0.00857136,-0.0373726,0.039026;
--- GMM Component 2 Para end---

Coefs 3 : 620 / 22780 = 0.0272169

--- GMM Component 3 Para begin---
mean: (21.4226,23.8226,25.9177)

cov:
11.1537,6.69272,7.1767;
6.69272,16.5685,19.6967;
7.1767,19.6967,39.169;

det: 2195.55

cov inverse:
0.118883,-0.0550159,0.00588333;
-0.0550159,0.175525,-0.0781851;
0.00588333,-0.0781851,0.0637689;
--- GMM Component 3 Para end---

Coefs 4 : 9021 / 22780 = 0.396005

--- GMM Component 4 Para begin---
mean: (186.615,177.418,179.066)

cov:
694.474,657.504,630.414;
657.504,732.954,743.612;
630.414,743.612,798.743;

det: 2.41497e+06

cov inverse:
0.0134508,-0.0233514,0.0111235;
-0.0233514,0.0651287,-0.0422031;
0.0111235,-0.0422031,0.0317628;
--- GMM Component 4 Para end---

===== GMM BEFORE TRAIN DURATION: 60ms =====
--- Generate Graph ... ---
===== GMM GenerateGraph TRAIN DURATION: 238ms =====
--- Maxflow ... ---
=== Max Flow Energy: 1.88999e+06 ===
===== GMM MAXFLOW DURATION: 261ms =====
===== GMM TOTAL DURATION: 1383ms =====
generateTenColorImage...
generateTenColorImage...
OutputSwitcher Destructed
