read new image: ex2.jpg at D:\Code\C\clionCpp\GrabCut\test_textures\ex2.jpg
Image Size: 400*600
--------------- initGrabCut ---------------

Rect: From (36,180) To (340,432)

initByKmeans bkGMM with 163947 bkSamples
Init RGB: (R:25,G:29,B:32) (R:31,G:36,B:39) (R:44,G:58,B:43) (R:27,G:35,B:37) (R:32,G:42,B:44) 
--- Begin K-Means Iteration ---
{size: 81214, mean: (16.2505,23.8664,21.9999)} {size: 10227, mean: (31.482,37.2331,38.2048)} {size: 37582, mean: (62.5442,75.5941,62.7664)} {size: 16084, mean: (25.2361,38.0607,33.8772)} {size: 18840, mean: (33.7974,45.1419,42.764)} 
{size: 62625, mean: (14.0051,21.5945,19.4104)} {size: 16073, mean: (30.7488,36.4385,38.3054)} {size: 23934, mean: (74.7885,86.5279,72.1337)} {size: 31495, mean: (23.9853,35.1989,31.5957)} {size: 29820, mean: (37.4986,50.4731,44.7366)} 
{size: 52428, mean: (12.6931,20.2315,17.8842)} {size: 22764, mean: (30.7441,37.993,38.7569)} {size: 17333, mean: (83.9474,94.4337,78.5569)} {size: 39243, mean: (22.9848,33.0912,30.1828)} {size: 32179, mean: (40.7883,54.7469,47.263)} 
{size: 46692, mean: (11.9429,19.4193,16.9942)} {size: 31229, mean: (30.9153,40.1462,38.9952)} {size: 13217, mean: (92.3023,100.919,84.1343)} {size: 42863, mean: (22.3447,31.5926,29.3734)} {size: 29946, mean: (44.5502,59.248,50.2421)} 
{size: 42663, mean: (11.3846,18.8675,16.3116)} {size: 37766, mean: (31.3332,41.6473,39.3082)} {size: 9863, mean: (102.494,107.815,90.7185)} {size: 45803, mean: (21.9539,30.6751,28.8946)} {size: 27852, mean: (48.4499,63.7836,53.4334)} 
{size: 39929, mean: (11,18.4923,15.8138)} {size: 41347, mean: (31.9551,42.8687,39.7799)} {size: 7154, mean: (115.37,116.079,98.6079)} {size: 48931, mean: (21.7677,30.2498,28.7056)} {size: 26586, mean: (52.0564,67.7512,56.4438)} 
{size: 38785, mean: (10.8367,18.3019,15.6316)} {size: 43699, mean: (32.773,44.0373,40.4726)} {size: 5522, mean: (126.819,123.283,105.699)} {size: 51269, mean: (21.7865,30.2238,28.7219)} {size: 24672, mean: (55.3339,71.2611,59.0047)} 
{size: 38203, mean: (10.7403,18.2252,15.527)} {size: 44708, mean: (33.5487,45.0307,41.1456)} {size: 4523, mean: (135.985,128.861,111.679)} {size: 53424, mean: (21.8796,30.3527,28.8281)} {size: 23089, mean: (58.0689,74.0092,61.0208)} 
{size: 38206, mean: (10.74,18.2262,15.5276)} {size: 44282, mean: (34.3278,46.1073,41.808)} {size: 3942, mean: (142.494,132.637,115.894)} {size: 55768, mean: (22.1257,30.6042,29.1265)} {size: 21749, mean: (60.18,76.0965,62.582)} 
{size: 39221, mean: (10.8943,18.3721,15.7064)} {size: 43585, mean: (35.0897,47.0474,42.4544)} {size: 3641, mean: (146.161,134.862,118.35)} {size: 56995, mean: (22.4388,31.0114,29.5149)} {size: 20505, mean: (61.7981,77.6898,63.7576)} 
--- End   K-Means Iteration ---
initByKmeans frGMM with 76053 frSamples
Init RGB: (R:28,G:32,B:35) (R:169,G:169,B:177) (R:20,G:46,B:35) (R:165,G:165,B:175) (R:35,G:50,B:47) 
--- Begin K-Means Iteration ---
{size: 35261, mean: (23.1635,31.0325,30.2927)} {size: 5324, mean: (202.759,194.12,195.85)} {size: 2340, mean: (24.1509,42.8094,32.5825)} {size: 8906, mean: (146.96,134.381,129.486)} {size: 24222, mean: (53.8975,61.7307,55.38)} 
{size: 27175, mean: (21.0792,28.901,27.9508)} {size: 5431, mean: (201.686,193.602,195.787)} {size: 18334, mean: (31.6007,41.9949,39.3852)} {size: 10014, mean: (142.443,130.116,124.286)} {size: 15099, mean: (59.1515,66.9044,59.0867)} 
{size: 24936, mean: (20.2078,28.5539,27.0348)} {size: 5752, mean: (200.095,191.846,193.929)} {size: 24450, mean: (33.2073,42.6751,40.5321)} {size: 9689, mean: (141.453,129.064,123.024)} {size: 11226, mean: (65.0097,72.2002,63.1667)} 
{size: 25689, mean: (20.3598,28.7648,27.2598)} {size: 5939, mean: (199.171,190.843,192.889)} {size: 25470, mean: (34.3528,43.8837,41.3893)} {size: 9227, mean: (141.985,129.327,123.225)} {size: 9728, mean: (69.5047,75.7175,66.2723)} 
{size: 26880, mean: (20.6447,29.0603,27.5995)} {size: 5974, mean: (198.977,190.661,192.711)} {size: 25408, mean: (35.3736,44.9954,42.1914)} {size: 8935, mean: (142.894,130.038,123.973)} {size: 8856, mean: (73.1661,78.4396,68.7546)} 
{size: 28340, mean: (20.9818,29.4265,28.0225)} {size: 5948, mean: (199.116,190.796,192.848)} {size: 24778, mean: (36.4165,46.0814,42.983)} {size: 8737, mean: (143.838,130.821,124.865)} {size: 8250, mean: (76.2544,80.7712,70.8513)} 
{size: 30011, mean: (21.3681,29.8386,28.5003)} {size: 5878, mean: (199.461,191.162,193.239)} {size: 23732, mean: (37.4811,47.205,43.7714)} {size: 8615, mean: (144.753,131.663,125.838)} {size: 7817, mean: (78.9111,82.6743,72.6192)} 
{size: 31298, mean: (21.6858,30.1504,28.8357)} {size: 5797, mean: (199.867,191.602,193.681)} {size: 22913, mean: (38.3252,48.1354,44.4566)} {size: 8470, mean: (145.825,132.626,126.98)} {size: 7575, mean: (81.3817,84.3972,74.23)} 
{size: 32691, mean: (21.9991,30.4879,29.2253)} {size: 5700, mean: (200.329,192.129,194.243)} {size: 21886, mean: (39.2567,49.0835,45.0974)} {size: 8386, mean: (146.767,133.511,128.036)} {size: 7390, mean: (83.3687,85.8272,75.564)} 
{size: 33599, mean: (22.2237,30.7132,29.4467)} {size: 5619, mean: (200.721,192.564,194.721)} {size: 21308, mean: (39.9568,49.8187,45.6412)} {size: 8286, mean: (147.655,134.35,129.021)} {size: 7241, mean: (85.3047,87.1751,76.8699)} 
--- End   K-Means Iteration ---

--- GMM Component 0 Para begin---
simple size: 39221
coefs: 0.23923

mean: (10.8943,18.3721,15.7064)

cov:
20.829,11.271,19.0884;
11.271,34.1671,19.3146;
19.0884,19.3146,29.9324;

det: 5590.61

cov inverse:
0.116204,0.00560158,-0.0777195;
0.00560158,0.0463447,-0.0334773;
-0.0777195,-0.0334773,0.104574;
--- GMM Component 0 Para end---


--- GMM Component 1 Para begin---
simple size: 43585
coefs: 0.265848

mean: (35.0897,47.0474,42.4544)

cov:
42.5477,17.7745,23.7076;
17.7745,67.9895,11.6212;
23.7076,11.6212,38.3285;

det: 64601.7

cov inverse:
0.0382479,-0.00628096,-0.0217534;
-0.00628096,0.0165435,-0.00113096;
-0.0217534,-0.00113096,0.0398885;
--- GMM Component 1 Para end---


--- GMM Component 2 Para begin---
simple size: 3641
coefs: 0.0222084

mean: (146.161,134.862,118.35)

cov:
839.336,564.316,612.019;
564.316,531.3,553.429;
612.019,553.429,720.067;

det: 1.79942e+07

cov inverse:
0.00423957,-0.00375879,-0.000714482;
-0.00375879,0.0127714,-0.00662105;
-0.000714482,-0.00662105,0.00708484;
--- GMM Component 2 Para end---


--- GMM Component 3 Para begin---
simple size: 56995
coefs: 0.347643

mean: (22.4388,31.0114,29.5149)

cov:
20.7153,2.98576,14.3294;
2.98576,30.7438,5.68921;
14.3294,5.68921,23.6347;

det: 8345.14

cov inverse:
0.0831927,0.00131281,-0.0507547;
0.00131281,0.034064,-0.00899563;
-0.0507547,-0.00899563,0.0752479;
--- GMM Component 3 Para end---


--- GMM Component 4 Para begin---
simple size: 20505
coefs: 0.125071

mean: (61.7981,77.6898,63.7576)

cov:
176.446,115.454,85.3526;
115.454,171.159,78.2917;
85.3526,78.2917,118.414;

det: 1.2123e+06

cov inverse:
0.0116621,-0.00576507,-0.00459433;
-0.00576507,0.0112255,-0.0032665;
-0.00459433,-0.0032665,0.0139162;
--- GMM Component 4 Para end---


--- GMM Component 0 Para begin---
simple size: 33599
coefs: 0.441784

mean: (22.2237,30.7132,29.4467)

cov:
35.9001,24.2577,33.5365;
24.2577,35.2195,31.805;
33.5365,31.805,49.8014;

det: 9484.83

cov inverse:
0.0782753,-0.0149124,-0.0431873;
-0.0149124,0.0699202,-0.0346114;
-0.0431873,-0.0346114,0.0712663;
--- GMM Component 0 Para end---


--- GMM Component 1 Para begin---
simple size: 5619
coefs: 0.0738827

mean: (200.721,192.564,194.721)

cov:
478.57,425.248,391.17;
425.248,499.137,508.919;
391.17,508.919,566.833;

det: 1.88443e+06

cov inverse:
0.0126981,-0.0222723,0.0112338;
-0.0222723,0.0627536,-0.0409719;
0.0112338,-0.0409719,0.0307975;
--- GMM Component 1 Para end---


--- GMM Component 2 Para begin---
simple size: 21308
coefs: 0.280173

mean: (39.9568,49.8187,45.6412)

cov:
78.3603,51.5122,36.7515;
51.5122,80.4361,40.7965;
36.7515,40.7965,48.6891;

det: 93096.5

cov inverse:
0.0241901,-0.0108355,-0.00918013;
-0.0108355,0.0264738,-0.0140035;
-0.00918013,-0.0140035,0.0392012;
--- GMM Component 2 Para end---


--- GMM Component 3 Para begin---
simple size: 8286
coefs: 0.10895

mean: (147.655,134.35,129.021)

cov:
377.915,209.705,135.472;
209.705,238.908,271.246;
135.472,271.246,471.01;

det: 5.03503e+06

cov inverse:
0.00773653,-0.0123191,0.00486917;
-0.0123191,0.0317076,-0.0147166;
0.00486917,-0.0147166,0.00919767;
--- GMM Component 3 Para end---


--- GMM Component 4 Para begin---
simple size: 7241
coefs: 0.0952099

mean: (85.3047,87.1751,76.8699)

cov:
388.116,166.395,131.167;
166.395,171.646,128.13;
131.167,128.13,230.123;

det: 5.22704e+06

cov inverse:
0.00441596,-0.00411034,-0.000228437;
-0.00411034,0.0137955,-0.00533835;
-0.000228437,-0.00533835,0.00744804;
--- GMM Component 4 Para end---


--- INIT GMM COMPLETE ---

===== GMM INIT DURATION: 38ms =====
Beta: 0.00128645

------------ Start Train 1------------


--- GMM Component 0 Para begin---
simple size: 39664
coefs: 0.241932

mean: (10.9759,18.351,15.961)

cov:
20.2777,11.9944,20.3057;
11.9944,31.8439,20.7694;
20.3057,20.7694,30.6691;

det: 3631.41

cov inverse:
0.150151,0.0148363,-0.10946;
0.0148363,0.0577129,-0.0489065;
-0.10946,-0.0489065,0.138198;
--- GMM Component 0 Para end---


--- GMM Component 1 Para begin---
simple size: 41789
coefs: 0.254893

mean: (35.0296,47.3659,42.587)

cov:
43.9663,14.4119,31.1128;
14.4119,61.74,12.9276;
31.1128,12.9276,44.0824;

det: 54985.7

cov inverse:
0.046458,-0.00423921,-0.0315462;
-0.00423921,0.0176434,-0.00218215;
-0.0315462,-0.00218215,0.0455896;
--- GMM Component 1 Para end---


--- GMM Component 2 Para begin---
simple size: 4174
coefs: 0.0254594

mean: (137.501,126.349,108.38)

cov:
1394.54,1113.06,1232.72;
1113.06,1047.88,1134.66;
1232.72,1134.66,1386.81;

det: 3.43894e+07

cov inverse:
0.00481982,-0.004213,-0.000837273;
-0.004213,0.0120494,-0.00611374;
-0.000837273,-0.00611374,0.00646746;
--- GMM Component 2 Para end---


--- GMM Component 3 Para begin---
simple size: 57496
coefs: 0.350699

mean: (22.6496,31.1167,29.9255)

cov:
21.0464,3.26898,17.9865;
3.26898,27.3786,7.54881;
17.9865,7.54881,25.884;

det: 5469.31

cov inverse:
0.119153,0.00935447,-0.085526;
0.00935447,0.0404531,-0.0182981;
-0.085526,-0.0182981,0.103401;
--- GMM Component 3 Para end---


--- GMM Component 4 Para begin---
simple size: 20824
coefs: 0.127017

mean: (60.4841,76.7853,62.4827)

cov:
159.146,120.125,110.079;
120.125,193.155,114.197;
110.079,114.197,164.607;

det: 1.28888e+06

cov inverse:
0.0145504,-0.00558842,-0.00585342;
-0.00558842,0.0109237,-0.00384115;
-0.00585342,-0.00384115,0.0126543;
--- GMM Component 4 Para end---


--- GMM Component 0 Para begin---
simple size: 36216
coefs: 0.476194

mean: (22.8831,31.3541,30.5622)

cov:
37.9174,28.6289,40.7428;
28.6289,37.2651,38.3983;
40.7428,38.3983,56.9212;

det: 5587.54

cov inverse:
0.115748,-0.0116577,-0.0749854;
-0.0116577,0.0891856,-0.0518191;
-0.0749854,-0.0518191,0.106197;
--- GMM Component 0 Para end---


--- GMM Component 1 Para begin---
simple size: 5672
coefs: 0.0745796

mean: (199.389,192.007,194.791)

cov:
509.488,460.78,430.646;
460.78,515.404,513.082;
430.646,513.082,541.975;

det: 1.16316e+06

cov inverse:
0.0138277,-0.0247383,0.0124321;
-0.0247383,0.0779546,-0.0541419;
0.0124321,-0.0541419,0.0432222;
--- GMM Component 1 Para end---


--- GMM Component 2 Para begin---
simple size: 18275
coefs: 0.240293

mean: (40.7203,51.0543,45.8462)

cov:
69.7196,41.1575,43.0789;
41.1575,73.6892,46.6454;
43.0789,46.6454,65.0982;

det: 101134

cov inverse:
0.0259185,-0.00662335,-0.0124057;
-0.00662335,0.0265275,-0.014625;
-0.0124057,-0.014625,0.0340503;
--- GMM Component 2 Para end---


--- GMM Component 3 Para begin---
simple size: 8414
coefs: 0.110633

mean: (147.952,133.473,127.327)

cov:
425.873,249.985,157.258;
249.985,269.705,298.687;
157.258,298.687,507.882;

det: 5.417e+06

cov inverse:
0.00881752,-0.0147668,0.0059542;
-0.0147668,0.0353633,-0.0162249;
0.0059542,-0.0162249,0.00966724;
--- GMM Component 3 Para end---


--- GMM Component 4 Para begin---
simple size: 7476
coefs: 0.0982999

mean: (82.7183,85.5139,75.0207)

cov:
351.659,177.694,175.154;
177.694,220.728,188.992;
175.154,188.992,296.621;

det: 6.09015e+06

cov inverse:
0.00488563,-0.00321911,-0.000833899;
-0.00321911,0.0120901,-0.00580233;
-0.000833899,-0.00580233,0.0075607;
--- GMM Component 4 Para end---

  === GMM Dispatch and Learn DURATION: 73ms ===
--- Generate Graph ... ---
  === GMM GenerateGraph DURATION: 96ms ===
--- Maxflow ... ---
$$$ Max Flow Energy: 657560 $$$
  === GMM MaxFlow DURATION: 189ms ===

------------ Start Train 2------------


--- GMM Component 0 Para begin---
simple size: 45069
coefs: 0.202683

mean: (11.2556,18.6226,16.4221)

cov:
19.9174,11.9938,20.515;
11.9938,29.1811,21.0647;
20.515,21.0647,30.9954;

det: 2803.14

cov inverse:
0.164373,0.0215434,-0.123435;
0.0215434,0.0700939,-0.0618953;
-0.123435,-0.0618953,0.156025;
--- GMM Component 0 Para end---


--- GMM Component 1 Para begin---
simple size: 58043
coefs: 0.261029

mean: (35.3202,47.4038,42.9317)

cov:
45.9508,15.5331,35.0015;
15.5331,52.68,17.8111;
35.0015,17.8111,46.4276;

det: 41436.1

cov inverse:
0.0513699,-0.00235902,-0.0378225;
-0.00235902,0.02192,-0.00663074;
-0.0378225,-0.00663074,0.0525969;
--- GMM Component 1 Para end---


--- GMM Component 2 Para begin---
simple size: 5912
coefs: 0.0265873

mean: (124.064,115.32,97.3782)

cov:
1910.51,1590.87,1683.32;
1590.87,1494.76,1561.95;
1683.32,1561.95,1788.36;

det: 5.00929e+07

cov inverse:
0.00466114,-0.00430817,-0.000624611;
-0.00430817,0.0116412,-0.00611227;
-0.000624611,-0.00611227,0.00648551;
--- GMM Component 2 Para end---


--- GMM Component 3 Para begin---
simple size: 84977
coefs: 0.382156

mean: (23.1579,31.5296,30.762)

cov:
21.0117,5.71988,19.8114;
5.71988,21.958,10.7727;
19.8114,10.7727,28.4834;

det: 3594.43

cov inverse:
0.141716,0.0140495,-0.103883;
0.0140495,0.0573098,-0.0314471;
-0.103883,-0.0314471,0.119256;
--- GMM Component 3 Para end---


--- GMM Component 4 Para begin---
simple size: 28361
coefs: 0.127544

mean: (59.7342,75.2069,61.4041)

cov:
168.563,142.552,147.184;
142.552,224.695,158.425;
147.184,158.425,210.892;

det: 1.25173e+06

cov inverse:
0.0178058,-0.00538889,-0.00837866;
-0.00538889,0.0110931,-0.00457227;
-0.00837866,-0.00457227,0.0140241;
--- GMM Component 4 Para end---


--- GMM Component 0 Para begin---
simple size: 110
coefs: 0.00623653

mean: (25.6,28.7182,27.0727)

cov:
45.9673,42.2782,61.9836;
42.2782,48.9115,61.866;
61.9836,61.866,98.9583;

det: 6003.06

cov inverse:
0.168715,-0.0581541,-0.06932;
-0.0581541,0.117752,-0.03719;
-0.06932,-0.03719,0.0767747;
--- GMM Component 0 Para end---


--- GMM Component 1 Para begin---
simple size: 5697
coefs: 0.322996

mean: (198.021,191.256,194.591)

cov:
542.482,495.564,467.32;
495.564,536.224,526.852;
467.32,526.852,540.056;

det: 809873

cov inverse:
0.01484,-0.0264535,0.0129654;
-0.0264535,0.092091,-0.0669486;
0.0129654,-0.0669486,0.0559442;
--- GMM Component 1 Para end---


--- GMM Component 2 Para begin---
simple size: 661
coefs: 0.0374759

mean: (47.8472,45.2315,42.472)

cov:
83.9237,78.5906,101.211;
78.5906,103.08,127.671;
101.211,127.671,192.549;

det: 83618.5

cov inverse:
0.0424291,-0.0264383,-0.00477224;
-0.0264383,0.070746,-0.0330118;
-0.00477224,-0.0330118,0.0295908;
--- GMM Component 2 Para end---


--- GMM Component 3 Para begin---
simple size: 8179
coefs: 0.463715

mean: (148.856,133.082,126.411)

cov:
468.791,293.416,196.064;
293.416,306.113,335.122;
196.064,335.122,550.105;

det: 5.72385e+06

cov inverse:
0.00979893,-0.0167203,0.00669348;
-0.0167203,0.0383384,-0.0173963;
0.00669348,-0.0173963,0.01003;
--- GMM Component 3 Para end---


--- GMM Component 4 Para begin---
simple size: 2991
coefs: 0.169577

mean: (89.9712,82.4968,77.4891)

cov:
255.413,221.441,193.948;
221.441,254.404,280.76;
193.948,280.76,419.869;

det: 1.10691e+06

cov inverse:
0.025287,-0.0348027,0.0115913;
-0.0348027,0.0628996,-0.0259837;
0.0115913,-0.0259837,0.0144023;
--- GMM Component 4 Para end---

  === GMM Dispatch and Learn DURATION: 62ms ===
--- Generate Graph ... ---
  === GMM GenerateGraph DURATION: 99ms ===
--- Maxflow ... ---
$$$ Max Flow Energy: 623471 $$$
  === GMM MaxFlow DURATION: 22ms ===
$$$ Max Flow Energy Decrease Ratio: 0.0518415 $$$

------------ Start Train 3------------


--- GMM Component 0 Para begin---
simple size: 44496
coefs: 0.200504

mean: (11.2227,18.5292,16.4502)

cov:
19.7699,12.0094,20.5843;
12.0094,28.7366,21.5171;
20.5843,21.5171,31.2303;

det: 2547.38

cov inverse:
0.170554,0.0266378,-0.130767;
0.0266378,0.0760426,-0.0699492;
-0.130767,-0.0699492,0.166404;
--- GMM Component 0 Para end---


--- GMM Component 1 Para begin---
simple size: 54903
coefs: 0.247399

mean: (35.333,47.8158,43.0386)

cov:
54.1508,16.2889,44.2657;
16.2889,48.0331,21.8536;
44.2657,21.8536,54.619;

det: 39108.6

cov inverse:
0.0548713,0.00198615,-0.0452648;
0.00198615,0.0255241,-0.0118221;
-0.0452648,-0.0118221,0.0597234;
--- GMM Component 1 Para end---


--- GMM Component 2 Para begin---
simple size: 6001
coefs: 0.0270412

mean: (118.631,111.445,93.3083)

cov:
2322.24,1920.96,2020.52;
1920.96,1759.1,1817.49;
2020.52,1817.49,2035.22;

det: 5.9915e+07

cov inverse:
0.00462135,-0.00396086,-0.00105084;
-0.00396086,0.0107451,-0.00566332;
-0.00105084,-0.00566332,0.00659204;
--- GMM Component 2 Para end---


--- GMM Component 3 Para begin---
simple size: 87410
coefs: 0.393879

mean: (23.4735,31.6276,31.2196)

cov:
22.2191,8.4185,22.3928;
8.4185,21.6048,14.2377;
22.3928,14.2377,31.6184;

det: 2967.68

cov inverse:
0.161877,0.017739,-0.122632;
0.017739,0.0677611,-0.0430759;
-0.122632,-0.0430759,0.137875;
--- GMM Component 3 Para end---


--- GMM Component 4 Para begin---
simple size: 29111
coefs: 0.131177

mean: (58.3552,74.1332,59.9056)

cov:
192.088,170.727,187.197;
170.727,255.949,199.251;
187.197,199.251,257.857;

det: 1.30225e+06

cov inverse:
0.0201936,-0.00516327,-0.0106702;
-0.00516327,0.0111257,-0.00484865;
-0.0106702,-0.00484865,0.0153711;
--- GMM Component 4 Para end---


--- GMM Component 0 Para begin---
simple size: 111
coefs: 0.00613972

mean: (25.5856,28.8018,26.964)

cov:
44.6931,41.4764,59.8319;
41.4764,47.8706,59.7316;
59.8319,59.7316,95.8365;

det: 5806.62

cov inverse:
0.175643,-0.0690766,-0.0666031;
-0.0690766,0.121134,-0.0323731;
-0.0666031,-0.0323731,0.0721925;
--- GMM Component 0 Para end---


--- GMM Component 1 Para begin---
simple size: 5764
coefs: 0.318823

mean: (196.573,190.381,194.067)

cov:
578.72,533.438,506.243;
533.438,564.316,549.847;
506.243,549.847,553.704;

det: 651470

cov inverse:
0.0155535,-0.0261111,0.0117089;
-0.0261111,0.0984807,-0.0739217;
0.0117089,-0.0739217,0.0645075;
--- GMM Component 1 Para end---


--- GMM Component 2 Para begin---
simple size: 664
coefs: 0.0367277

mean: (47.1431,44.1642,40.7575)

cov:
76.5503,71.6859,92.8871;
71.6859,97.6011,124.389;
92.8871,124.389,196.211;

det: 87664.9

cov inverse:
0.0419519,-0.0286476,-0.0016989;
-0.0286476,0.0729138,-0.0326624;
-0.0016989,-0.0326624,0.0266074;
--- GMM Component 2 Para end---


--- GMM Component 3 Para begin---
simple size: 8407
coefs: 0.465015

mean: (148.697,132.282,124.782)

cov:
528.625,347.992,261.181;
347.992,351.781,385.06;
261.181,385.06,604.348;

det: 6.81778e+06

cov inverse:
0.00943523,-0.0160959,0.00617784;
-0.0160959,0.0368534,-0.0165249;
0.00617784,-0.0165249,0.00951362;
--- GMM Component 3 Para end---


--- GMM Component 4 Para begin---
simple size: 3133
coefs: 0.173295

mean: (90.3224,82.834,77.6253)

cov:
226.419,195.924,161.807;
195.924,222.291,249.011;
161.807,249.011,398.179;

det: 685006

cov inverse:
0.0386931,-0.0550666,0.0187137;
-0.0550666,0.0933916,-0.0360276;
0.0187137,-0.0360276,0.0174376;
--- GMM Component 4 Para end---

  === GMM Dispatch and Learn DURATION: 63ms ===
--- Generate Graph ... ---
  === GMM GenerateGraph DURATION: 102ms ===
--- Maxflow ... ---
$$$ Max Flow Energy: 620736 $$$
  === GMM MaxFlow DURATION: 23ms ===
$$$ Max Flow Energy Decrease Ratio: 0.00438703 $$$
--- Convergence in: 3 times ---
===== GMM TRAIN DURATION: 736ms =====
===== GMM TOTAL DURATION: 775ms =====
generateTenColorImage...
generateHandledImage...
--------------- advanceGrabCut ---------------
Exit advanceGrabCut
OutputSwitcher Destructed
