read new image: ex3.jpg at D:\Code\C\clionCpp\GrabCut\test_textures\ex3.jpg
Image Size: 600*400

Rect: From (48,33) To (580,273)

initByKmeans bkGMM with 113091 bkSamples
Init RGB: (R:145,G:143,B:144) (R:92,G:75,B:49) (R:167,G:157,B:145) (R:85,G:61,B:59) (R:78,G:56,B:58) 
--- Begin K-Means Iteration ---
{size: 22160, mean: (136.594,127.253,111.771)} {size: 27640, mean: (103.733,90.9514,75.5701)} {size: 28625, mean: (194.878,192.127,162.188)} {size: 12701, mean: (87.918,70.2142,66.3649)} {size: 21965, mean: (61.8405,49.1276,39.0071)} 
{size: 26716, mean: (140.082,131.564,113.847)} {size: 21768, mean: (107.516,94.2609,81.8643)} {size: 24561, mean: (200.504,197.92,167.763)} {size: 20523, mean: (86.0162,70.4023,61.1794)} {size: 19523, mean: (60.17,47.7199,36.2833)} 
{size: 25804, mean: (144.193,136.66,117.699)} {size: 23579, mean: (109.964,96.5293,84.608)} {size: 22523, mean: (203.571,201.016,170.394)} {size: 23697, mean: (85.5039,70.3029,60.3257)} {size: 17488, mean: (58.4758,46.2278,34.7973)} 
--- End   K-Means Iteration ---
initByKmeans frGMM with 126909 frSamples
Init RGB: (R:85,G:74,B:68) (R:15,G:15,B:27) (R:165,G:147,B:137) (R:19,G:17,B:30) (R:7,G:4,B:11) 
--- Begin K-Means Iteration ---
{size: 28177, mean: (88.6454,76.1032,71.801)} {size: 10936, mean: (15.2843,12.82,24.4666)} {size: 56895, mean: (191.534,185.378,162.994)} {size: 27166, mean: (27.4009,22.5451,34.7873)} {size: 3735, mean: (9.54244,5.60857,13.2356)} 
{size: 31376, mean: (99.4439,87.7126,80.3395)} {size: 18463, mean: (16.8571,14.3688,26.4129)} {size: 51001, mean: (198.404,192.444,169.533)} {size: 22307, mean: (33.8892,27.4166,38.2909)} {size: 3762, mean: (9.59755,5.65364,13.2448)} 
{size: 31355, mean: (107.884,97.0233,86.9846)} {size: 26135, mean: (18.6813,15.9015,28.5236)} {size: 47684, mean: (202.182,196.074,173.249)} {size: 17189, mean: (45.647,36.6088,44.1853)} {size: 4546, mean: (10.0869,6.25935,14.3302)} 
--- End   K-Means Iteration ---

--- GMM Component 0 Para begin---
simple size: 25804
coefs: 0.22817

mean: (144.193,136.66,117.699)

cov:
216.957,163.248,155.304;
163.248,356.263,123.577;
155.304,123.577,244.585;

det: 6.74679e+06

cov inverse:
0.0106518,-0.00307345,-0.00521071;
-0.00307345,0.00429018,-0.000216071;
-0.00521071,-0.000216071,0.00750637;
--- GMM Component 0 Para end---


--- GMM Component 1 Para begin---
simple size: 23579
coefs: 0.208496

mean: (109.964,96.5293,84.608)

cov:
103.514,41.4277,53.3934;
41.4277,122.703,38.6191;
53.3934,38.6191,103.895;

det: 807967

cov inverse:
0.0139323,-0.00277503,-0.0061285;
-0.00277503,0.00978228,-0.00221006;
-0.0061285,-0.00221006,0.0135961;
--- GMM Component 1 Para end---


--- GMM Component 2 Para begin---
simple size: 22523
coefs: 0.199158

mean: (203.571,201.016,170.394)

cov:
643.334,563.853,536.164;
563.853,689.813,450.254;
536.164,450.254,678.944;

det: 2.89607e+07

cov inverse:
0.00917159,-0.00488297,-0.0040046;
-0.00488297,0.00515582,0.000436919;
-0.0040046,0.000436919,0.00434556;
--- GMM Component 2 Para end---


--- GMM Component 3 Para begin---
simple size: 23697
coefs: 0.209539

mean: (85.5039,70.3029,60.3257)

cov:
72.383,29.068,27.7493;
29.068,76.3049,25.3569;
27.7493,25.3569,79.5366;

det: 307700

cov inverse:
0.0176343,-0.00522697,-0.00448597;
-0.00522697,0.0162076,-0.00334348;
-0.00448597,-0.00334348,0.0152038;
--- GMM Component 3 Para end---


--- GMM Component 4 Para begin---
simple size: 17488
coefs: 0.154637

mean: (58.4758,46.2278,34.7973)

cov:
142.181,105.373,94.9325;
105.373,122.82,92.1763;
94.9325,92.1763,142.175;

det: 433346

cov inverse:
0.020689,-0.0143786,-0.00449227;
-0.0143786,0.025851,-0.00715916;
-0.00449227,-0.00715916,0.0146746;
--- GMM Component 4 Para end---


--- GMM Component 0 Para begin---
simple size: 31355
coefs: 0.247067

mean: (107.884,97.0233,86.9846)

cov:
580.242,526.437,391.089;
526.437,780.735,402.063;
391.089,402.063,448.086;

det: 3.11529e+07

cov inverse:
0.00604059,-0.00252453,-0.00300699;
-0.00252453,0.0034362,-0.000879857;
-0.00300699,-0.000879857,0.0056457;
--- GMM Component 0 Para end---


--- GMM Component 1 Para begin---
simple size: 26135
coefs: 0.205935

mean: (18.6813,15.9015,28.5236)

cov:
12.4544,6.77516,8.12513;
6.77516,10.2532,8.19939;
8.12513,8.19939,16.122;

det: 707.229

cov inverse:
0.138671,-0.0602468,-0.0392467;
-0.0602468,0.190563,-0.0665544;
-0.0392467,-0.0665544,0.115655;
--- GMM Component 1 Para end---


--- GMM Component 2 Para begin---
simple size: 47684
coefs: 0.375734

mean: (202.182,196.074,173.249)

cov:
1082.94,934.034,1144.26;
934.034,1118.78,1010.48;
1144.26,1010.48,1601.61;

det: 1.32536e+08

cov inverse:
0.00581556,-0.00256315,-0.00253776;
-0.00256315,0.00320761,-0.000192503;
-0.00253776,-0.000192503,0.0025589;
--- GMM Component 2 Para end---


--- GMM Component 3 Para begin---
simple size: 17189
coefs: 0.135444

mean: (45.647,36.6088,44.1853)

cov:
229.85,161.281,69.1177;
161.281,157.893,57.7803;
69.1177,57.7803,84.5259;

det: 635464

cov inverse:
0.0157482,-0.0151681,-0.00250887;
-0.0151681,0.0230556,-0.00335729;
-0.00250887,-0.00335729,0.0161772;
--- GMM Component 3 Para end---


--- GMM Component 4 Para begin---
simple size: 4546
coefs: 0.0358209

mean: (10.0869,6.25935,14.3302)

cov:
20.8765,3.92137,5.27685;
3.92137,13.0526,9.23245;
5.27685,9.23245,29.6994;

det: 5875.35

cov inverse:
0.0514721,-0.0115302,-0.00556102;
-0.0115302,0.10079,-0.0292832;
-0.00556102,-0.0292832,0.0437619;
--- GMM Component 4 Para end---


--- INIT GMM COMPLETE ---

===== GMM INIT DURATION: 15ms =====
Beta: 0.000184789

------------ Start Train 1------------


--- GMM Component 0 Para begin---
simple size: 25206
coefs: 0.222882

mean: (143.899,136.72,117.791)

cov:
225.59,147.778,176.651;
147.778,324.031,129.529;
176.651,129.529,267.296;

det: 6.5678e+06

cov inverse:
0.0106329,-0.00253037,-0.00580089;
-0.00253037,0.00442973,-0.000474323;
-0.00580089,-0.000474323,0.00780473;
--- GMM Component 0 Para end---


--- GMM Component 1 Para begin---
simple size: 23691
coefs: 0.209486

mean: (110.346,96.668,85.1621)

cov:
116.273,43.0645,64.954;
43.0645,106.156,45.1015;
64.954,45.1015,109.113;

det: 712355

cov inverse:
0.0134045,-0.00248381,-0.00695295;
-0.00248381,0.0118871,-0.00343491;
-0.00695295,-0.00343491,0.0147237;
--- GMM Component 1 Para end---


--- GMM Component 2 Para begin---
simple size: 22842
coefs: 0.201979

mean: (202.996,200.691,169.346)

cov:
660.662,572.034,573.498;
572.034,689.909,469.768;
573.498,469.768,746.922;

det: 3.15519e+07

cov inverse:
0.00933783,-0.00500299,-0.00402315;
-0.00500299,0.00521564,0.000561056;
-0.00402315,0.000561056,0.00407499;
--- GMM Component 2 Para end---


--- GMM Component 3 Para begin---
simple size: 23958
coefs: 0.211847

mean: (85.6301,70.2371,60.4136)

cov:
78.7006,31.004,33.1252;
31.004,70.3547,27.1261;
33.1252,27.1261,83.1136;

det: 300913

cov inverse:
0.016987,-0.00557733,-0.00494992;
-0.00557733,0.018091,-0.00368157;
-0.00494992,-0.00368157,0.0152061;
--- GMM Component 3 Para end---


--- GMM Component 4 Para begin---
simple size: 17394
coefs: 0.153805

mean: (58.512,46.0546,34.8232)

cov:
142.528,107.517,96.0801;
107.517,116.807,92.9977;
96.0801,92.9977,143.827;

det: 342266

cov inverse:
0.0238161,-0.0190748,-0.00357611;
-0.0190748,0.0329218,-0.00854455;
-0.00357611,-0.00854455,0.0148666;
--- GMM Component 4 Para end---


--- GMM Component 0 Para begin---
simple size: 29711
coefs: 0.234113

mean: (106.048,94.6519,86.6634)

cov:
581.025,505.315,426.549;
505.315,728.46,449.138;
426.549,449.138,490.576;

det: 2.62424e+07

cov inverse:
0.00593085,-0.00214599,-0.00319207;
-0.00214599,0.00392848,-0.00173075;
-0.00319207,-0.00173075,0.00639843;
--- GMM Component 0 Para end---


--- GMM Component 1 Para begin---
simple size: 28639
coefs: 0.225666

mean: (19.1384,16.5483,29.2174)

cov:
15.2953,11.1825,14.648;
11.1825,11.2676,13.1637;
14.648,13.1637,19.9542;

det: 188.119

cov inverse:
0.274046,-0.161152,-0.0948605;
-0.161152,0.481826,-0.19956;
-0.0948605,-0.19956,0.251399;
--- GMM Component 1 Para end---


--- GMM Component 2 Para begin---
simple size: 49072
coefs: 0.386671

mean: (200.491,194.662,170.91)

cov:
1158.94,987.896,1254.99;
987.896,1164.09,1091.84;
1254.99,1091.84,1757.18;

det: 1.48028e+08

cov inverse:
0.00576512,-0.0024702,-0.0025826;
-0.0024702,0.00311746,-0.000172828;
-0.0025826,-0.000172828,0.00252099;
--- GMM Component 2 Para end---


--- GMM Component 3 Para begin---
simple size: 15352
coefs: 0.120969

mean: (49.7311,39.2167,45.7414)

cov:
231.969,182.67,80.3948;
182.67,171.638,74.6114;
80.3948,74.6114,82.057;

det: 319723

cov inverse:
0.0266394,-0.0281211,-0.000530303;
-0.0281211,0.0393194,-0.00820025;
-0.000530303,-0.00820025,0.0201624;
--- GMM Component 3 Para end---


--- GMM Component 4 Para begin---
simple size: 4135
coefs: 0.0325824

mean: (10.0174,5.89794,14.0336)

cov:
19.8768,4.99912,9.13775;
4.99912,11.2283,9.06026;
9.13775,9.06026,28.9224;

det: 3990.74

cov inverse:
0.060806,-0.0154849,-0.0143602;
-0.0154849,0.123132,-0.0336801;
-0.0143602,-0.0336801,0.0496628;
--- GMM Component 4 Para end---

  === GMM Dispatch and Learn DURATION: 62ms ===
--- Generate Graph ... ---
  === GMM GenerateGraph TRAIN DURATION: 119ms ===
--- Maxflow ... ---
$$$ Max Flow Energy: 1.29247e+06 $$$
  === GMM MaxFlow DURATION: 234ms ===

------------ Start Train 2------------


--- GMM Component 0 Para begin---
simple size: 40318
coefs: 0.218401

mean: (144.101,138.869,118.363)

cov:
281.23,149.014,228.578;
149.014,301.381,127.398;
228.578,127.398,328.727;

det: 8.93037e+06

cov inverse:
0.00927641,-0.00222436,-0.00558823;
-0.00222436,0.0045015,-0.000197863;
-0.00558823,-0.000197863,0.00700445;
--- GMM Component 0 Para end---


--- GMM Component 1 Para begin---
simple size: 32835
coefs: 0.177866

mean: (109.746,96.4479,86.2895)

cov:
135.278,41.2751,79.1924;
41.2751,105.787,44.522;
79.1924,44.522,119.444;

det: 865292

cov inverse:
0.0123119,-0.00162285,-0.00755799;
-0.00162285,0.0114257,-0.00318291;
-0.00755799,-0.00318291,0.0145696;
--- GMM Component 1 Para end---


--- GMM Component 2 Para begin---
simple size: 53065
coefs: 0.287452

mean: (203.823,201.527,169.871)

cov:
713.162,587.85,713.471;
587.85,726.031,571.067;
713.471,571.067,1018.72;

det: 5.23066e+07

cov inverse:
0.0079054,-0.00365948,-0.00348523;
-0.00365948,0.00415763,0.000232298;
-0.00348523,0.000232298,0.00329232;
--- GMM Component 2 Para end---


--- GMM Component 3 Para begin---
simple size: 33762
coefs: 0.182888

mean: (85.0454,69.9135,61.8732)

cov:
93.2951,31.844,42.9191;
31.844,65.9314,27.1769;
42.9191,27.1769,89.6417;

det: 344423

cov inverse:
0.0150153,-0.00490134,-0.00570315;
-0.00490134,0.0189333,-0.00339337;
-0.00570315,-0.00339337,0.0149149;
--- GMM Component 3 Para end---


--- GMM Component 4 Para begin---
simple size: 24625
coefs: 0.133393

mean: (58.2718,45.915,37.8588)

cov:
121.618,87.7415,80.8816;
87.7415,93.9902,75.2289;
80.8816,75.2289,138.613;

det: 281949

cov inverse:
0.0261355,-0.0215553,-0.00355162;
-0.0215553,0.0365883,-0.0072798;
-0.00355162,-0.0072798,0.0132377;
--- GMM Component 4 Para end---


--- GMM Component 0 Para begin---
simple size: 4838
coefs: 0.0873364

mean: (101.442,79.2722,84.7102)

cov:
1083.07,782.209,546.758;
782.209,859.518,662.241;
546.758,662.241,805.004;

det: 9.13625e+07

cov inverse:
0.00277305,-0.00292895,0.000526062;
-0.00292895,0.00627101,-0.00316954;
0.000526062,-0.00316954,0.00349237;
--- GMM Component 0 Para end---


--- GMM Component 1 Para begin---
simple size: 29540
coefs: 0.533261

mean: (19.252,16.7778,29.5129)

cov:
19.1841,15.0462,19.9657;
15.0462,14.1912,17.4362;
19.9657,17.4362,25.1521;

det: 139.952

cov inverse:
0.37811,-0.216644,-0.149959;
-0.216644,0.599441,-0.243579;
-0.149959,-0.243579,0.327651;
--- GMM Component 1 Para end---


--- GMM Component 2 Para begin---
simple size: 11013
coefs: 0.198809

mean: (220.018,203.496,201.594)

cov:
1277.4,1275.77,1419.48;
1275.77,1611.39,1658.73;
1419.48,1658.73,2148.14;

det: 1.71657e+08

cov inverse:
0.00413673,-0.00224865,-0.000997196;
-0.00224865,0.00424745,-0.00179386;
-0.000997196,-0.00179386,0.00250962;
--- GMM Component 2 Para end---


--- GMM Component 3 Para begin---
simple size: 6242
coefs: 0.112682

mean: (37.2095,28.2595,43.5431)

cov:
140.761,122.914,99.6446;
122.914,138.988,108.301;
99.6446,108.301,145.887;

det: 271957

cov inverse:
0.0314289,-0.0262539,-0.0019768;
-0.0262539,0.0389992,-0.0110195;
-0.0019768,-0.0110195,0.0163853;
--- GMM Component 3 Para end---


--- GMM Component 4 Para begin---
simple size: 3762
coefs: 0.0679123

mean: (10.479,5.80356,13.8628)

cov:
25.0443,8.34263,14.2286;
8.34263,12.6858,10.4563;
14.2286,10.4563,31.2135;

det: 4920.22

cov inverse:
0.0582561,-0.0226867,-0.0189561;
-0.0226867,0.117732,-0.0290977;
-0.0189561,-0.0290977,0.0504261;
--- GMM Component 4 Para end---

  === GMM Dispatch and Learn DURATION: 62ms ===
--- Generate Graph ... ---
  === GMM GenerateGraph TRAIN DURATION: 109ms ===
--- Maxflow ... ---
$$$ Max Flow Energy: 1.2319e+06 $$$
  === GMM MaxFlow DURATION: 56ms ===

------------ Start Train 3------------


--- GMM Component 0 Para begin---
simple size: 40447
coefs: 0.21406

mean: (143.985,138.834,118.651)

cov:
305.991,151.761,260.995;
151.761,279.33,144.897;
260.995,144.897,365.304;

det: 8.8366e+06

cov inverse:
0.00917155,-0.00199414,-0.00576173;
-0.00199414,0.00494099,-0.000535099;
-0.00576173,-0.000535099,0.00706621;
--- GMM Component 0 Para end---


--- GMM Component 1 Para begin---
simple size: 32825
coefs: 0.173721

mean: (110.127,96.7189,86.8388)

cov:
150.616,46.2937,92.0771;
46.2937,95.555,49.3896;
92.0771,49.3896,129.372;

det: 828199

cov inverse:
0.0119812,-0.00174046,-0.00786284;
-0.00174046,0.0132907,-0.00383519;
-0.00786284,-0.00383519,0.01479;
--- GMM Component 1 Para end---


--- GMM Component 2 Para begin---
simple size: 56903
coefs: 0.301151

mean: (204.368,201.438,170.128)

cov:
761.012,595.229,786.176;
595.229,717.409,607.136;
786.176,607.136,1106.81;

det: 5.64232e+07

cov inverse:
0.00753979,-0.00321654,-0.00359117;
-0.00321654,0.00397389,0.000104876;
-0.00359117,0.000104876,0.00339682;
--- GMM Component 2 Para end---


--- GMM Component 3 Para begin---
simple size: 33976
coefs: 0.179813

mean: (85.3482,70.0565,62.0309)

cov:
103.349,34.1634,52.2448;
34.1634,59.5052,29.3501;
52.2448,29.3501,98.312;

det: 343178

cov inverse:
0.0145366,-0.00531878,-0.00613717;
-0.00531878,0.0216532,-0.00363785;
-0.00613717,-0.00363785,0.0145191;
--- GMM Component 3 Para end---


--- GMM Component 4 Para begin---
simple size: 24801
coefs: 0.131256

mean: (58.5524,45.8393,38.2116)

cov:
123.139,88.7217,85.2287;
88.7217,90.4847,77.1808;
85.2287,77.1808,143.565;

det: 245980

cov inverse:
0.028594,-0.0250399,-0.00351362;
-0.0250399,0.0423389,-0.00789632;
-0.00351362,-0.00789632,0.0132964;
--- GMM Component 4 Para end---


--- GMM Component 0 Para begin---
simple size: 4614
coefs: 0.0903855

mean: (103.755,78.6075,85.4751)

cov:
1166.37,795.346,588.341;
795.346,796.37,707.984;
588.341,707.984,910.483;

det: 7.20524e+07

cov inverse:
0.00310664,-0.00426931,0.00131231;
-0.00426931,0.00993466,-0.00496634;
0.00131231,-0.00496634,0.0041121;
--- GMM Component 0 Para end---


--- GMM Component 1 Para begin---
simple size: 29864
coefs: 0.585018

mean: (19.1679,16.7439,29.4959)

cov:
21.9697,17.7011,23.4488;
17.7011,16.4776,20.4506;
23.4488,20.4506,28.7726;

det: 128.996

cov inverse:
0.433166,-0.230738,-0.189017;
-0.230738,0.637839,-0.26531;
-0.189017,-0.26531,0.377373;
--- GMM Component 1 Para end---


--- GMM Component 2 Para begin---
simple size: 6835
coefs: 0.133894

mean: (226.758,210.843,217.242)

cov:
1108.61,1295.7,1143.37;
1295.7,1746.79,1629.04;
1143.37,1629.04,1724.11;

det: 4.54083e+07

cov inverse:
0.00788105,-0.00817749,0.00250014;
-0.00817749,0.0133028,-0.0071463;
0.00250014,-0.0071463,0.00567427;
--- GMM Component 2 Para end---


--- GMM Component 3 Para begin---
simple size: 6445
coefs: 0.126254

mean: (36.2439,27.3739,42.9088)

cov:
141.947,133.307,129.331;
133.307,155.672,141.673;
129.331,141.673,192.908;

det: 266789

cov inverse:
0.03733,-0.0277122,-0.00467505;
-0.0277122,0.0399422,-0.0107547;
-0.00467505,-0.0107547,0.0162164;
--- GMM Component 3 Para end---


--- GMM Component 4 Para begin---
simple size: 3290
coefs: 0.0644491

mean: (10.7228,5.89696,13.4936)

cov:
26.5469,11.3231,17.8393;
11.3231,15.3374,13.3268;
17.8393,13.3268,33.56;

det: 5149.59

cov inverse:
0.0654651,-0.0276259,-0.0238285;
-0.0276259,0.111208,-0.0294762;
-0.0238285,-0.0294762,0.0541689;
--- GMM Component 4 Para end---

  === GMM Dispatch and Learn DURATION: 62ms ===
--- Generate Graph ... ---
  === GMM GenerateGraph TRAIN DURATION: 140ms ===
--- Maxflow ... ---
$$$ Max Flow Energy: 1.22332e+06 $$$
  === GMM MaxFlow DURATION: 46ms ===
===== GMM TRAIN DURATION: 895ms =====
===== GMM TOTAL DURATION: 910ms =====
generateTenColorImage...
generateTenColorImage...
OutputSwitcher Destructed
