read new image: ex2.jpg at D:\Code\C\clionCpp\GrabCut\test_textures\ex2.jpg
Image Size: 400*600

Rect: From (43,156) To (399,440)

initByKmeans bkGMM with 139535 bkSamples
Init RGB: (R:37,G:50,B:43) (R:21,G:25,B:28) (R:20,G:24,B:23) (R:24,G:32,B:34) (R:20,G:24,B:27) 
--- Begin K-Means Iteration ---
{size: 45262, mean: (46.3471,60.1539,51.1962)} {size: 8898, mean: (21.2734,28.1668,27.9966)} {size: 46157, mean: (11.9678,20.3106,16.9037)} {size: 35628, mean: (25.7643,35.4944,33.7157)} {size: 3590, mean: (19.0409,23.727,26.5552)} 
{size: 30756, mean: (52.9002,67.3601,56.3569)} {size: 17327, mean: (20.8079,30.4499,27.4327)} {size: 33244, mean: (9.92775,18.0873,14.6243)} {size: 44040, mean: (28.4457,39.1734,36.3898)} {size: 14168, mean: (18.028,23.6266,24.4014)} 
{size: 22734, mean: (58.3442,73.1834,60.5946)} {size: 24545, mean: (21.4091,31.8105,28.33)} {size: 26570, mean: (8.88551,16.6709,13.2695)} {size: 44691, mean: (30.9427,42.0263,38.7828)} {size: 20995, mean: (16.9047,23.5715,23.0724)} 
--- End   K-Means Iteration ---
initByKmeans frGMM with 100465 frSamples
Init RGB: (R:32,G:47,B:44) (R:235,G:195,B:159) (R:21,G:33,B:29) (R:214,G:215,B:219) (R:60,G:72,B:72) 
--- Begin K-Means Iteration ---
{size: 26237, mean: (36.6988,46.3365,43.3565)} {size: 8273, mean: (168.941,153.418,149.018)} {size: 41408, mean: (21.7012,29.2529,28.584)} {size: 3447, mean: (209.924,205.446,209.321)} {size: 21100, mean: (85.0023,88.9875,78.1962)} 
{size: 30957, mean: (39.0981,48.9133,45.2084)} {size: 10318, mean: (160.028,145.608,140.803)} {size: 41106, mean: (21.6144,29.1729,28.5728)} {size: 3793, mean: (211.018,203.897,206.386)} {size: 14291, mean: (85.779,90.4706,78.0762)} 
{size: 28802, mean: (40.6504,50.6347,46.426)} {size: 10442, mean: (156.776,142.276,136.775)} {size: 44042, mean: (22.123,29.7583,29.1687)} {size: 4327, mean: (208.177,200.501,202.714)} {size: 12852, mean: (85.0669,90.2474,77.6752)} 
--- End   K-Means Iteration ---

--- GMM Component 0 Para begin---
simple size: 22734
coefs: 0.162927

mean: (58.3442,73.1834,60.5946)

cov:
480.597,397.367,329.539;
397.367,420.614,283.972;
329.539,283.972,302.066;

det: 3.30367e+06

cov inverse:
0.0140489,-0.00800661,-0.00779965;
-0.00800661,0.0110713,-0.00167328;
-0.00779965,-0.00167328,0.0133926;
--- GMM Component 0 Para end---


--- GMM Component 1 Para begin---
simple size: 24545
coefs: 0.175906

mean: (21.4091,31.8105,28.33)

cov:
17.8342,-9.25883,9.42919;
-9.25883,20.8061,-8.24208;
9.42919,-8.24208,17.0949;

det: 3255.51

cov inverse:
0.0883878,0.0247466,-0.0368215;
0.0247466,0.066338,0.0183342;
-0.0368215,0.0183342,0.0876464;
--- GMM Component 1 Para end---


--- GMM Component 2 Para begin---
simple size: 26570
coefs: 0.190418

mean: (8.88551,16.6709,13.2695)

cov:
14.8931,7.384,12.3971;
7.384,34.7615,15.6597;
12.3971,15.6597,21.8488;

det: 3992.35

cov inverse:
0.128814,0.00821676,-0.078979;
0.00821676,0.0430092,-0.0354883;
-0.078979,-0.0354883,0.116018;
--- GMM Component 2 Para end---


--- GMM Component 3 Para begin---
simple size: 44691
coefs: 0.320285

mean: (30.9427,42.0263,38.7828)

cov:
30.0964,9.56666,18.0723;
9.56666,53.3195,6.53682;
18.0723,6.53682,30.2957;

det: 29403.2

cov inverse:
0.0534847,-0.00583926,-0.0306453;
-0.00583926,0.019902,-0.000810895;
-0.0306453,-0.000810895,0.0514638;
--- GMM Component 3 Para end---


--- GMM Component 4 Para begin---
simple size: 20995
coefs: 0.150464

mean: (16.9047,23.5715,23.0724)

cov:
8.24521,-1.14615,4.30226;
-1.14615,9.31562,-0.627496;
4.30226,-0.627496,8.23648;

det: 452.333

cov inverse:
0.168757,0.0149018,-0.0870134;
0.0149018,0.109216,0.000536791;
-0.0870134,0.000536791,0.166903;
--- GMM Component 4 Para end---


--- GMM Component 0 Para begin---
simple size: 28802
coefs: 0.286687

mean: (40.6504,50.6347,46.426)

cov:
88.3619,64.521,47.6412;
64.521,102.715,55.6053;
47.6412,55.6053,59.846;

det: 129537

cov inverse:
0.0235852,-0.00935816,-0.0100803;
-0.00935816,0.0233017,-0.0142008;
-0.0100803,-0.0142008,0.0379286;
--- GMM Component 0 Para end---


--- GMM Component 1 Para begin---
simple size: 10442
coefs: 0.103937

mean: (156.776,142.276,136.775)

cov:
365.403,235.63,178.849;
235.63,281.427,327.234;
178.849,327.234,526.858;

det: 4.37764e+06

cov inverse:
0.00940911,-0.0149894,0.00611592;
-0.0149894,0.0366701,-0.0176876;
0.00611592,-0.0176876,0.0108078;
--- GMM Component 1 Para end---


--- GMM Component 2 Para begin---
simple size: 44042
coefs: 0.438382

mean: (22.123,29.7583,29.1687)

cov:
34.1389,23.3936,30.4181;
23.3936,36.3226,31.6802;
30.4181,31.6802,47.5195;

det: 10135

cov inverse:
0.0712779,-0.0146027,-0.0358911;
-0.0146027,0.0687719,-0.0365012;
-0.0358911,-0.0365012,0.0683531;
--- GMM Component 2 Para end---


--- GMM Component 3 Para begin---
simple size: 4327
coefs: 0.0430697

mean: (208.177,200.501,202.714)

cov:
360.177,311.292,280.5;
311.292,380.395,388.681;
280.5,388.681,440.13;

det: 1.18684e+06

cov inverse:
0.0137759,-0.0235781,0.0120424;
-0.0235781,0.0672744,-0.0443839;
0.0120424,-0.0443839,0.033793;
--- GMM Component 3 Para end---


--- GMM Component 4 Para begin---
simple size: 12852
coefs: 0.127925

mean: (85.0669,90.2474,77.6752)

cov:
539.419,211.214,198.67;
211.214,180.532,145.667;
198.67,145.667,243.013;

det: 6.47759e+06

cov inverse:
0.0034971,-0.00345621,-0.000787259;
-0.00345621,0.0141435,-0.00565236;
-0.000787259,-0.00565236,0.00814676;
--- GMM Component 4 Para end---


--- INIT GMM COMPLETE ---

===== GMM INIT DURATION: 15ms =====
Beta: 0.00128645

------------ Start Train 1------------


--- GMM Component 0 Para begin---
simple size: 23490
coefs: 0.168345

mean: (56.3373,72.0234,57.6274)

cov:
556.646,447.724,422.785;
447.724,458.212,362.99;
422.785,362.99,425.774;

det: 5.42215e+06

cov inverse:
0.0116804,-0.00685384,-0.00575516;
-0.00685384,0.0107445,-0.00235447;
-0.00575516,-0.00235447,0.0100707;
--- GMM Component 0 Para end---


--- GMM Component 1 Para begin---
simple size: 24734
coefs: 0.17726

mean: (21.8215,31.5027,28.9069)

cov:
17.2554,-8.81298,11.2626;
-8.81298,16.3517,-6.50245;
11.2626,-6.50245,15.6768;

det: 1692.78

cov inverse:
0.126455,0.0383539,-0.0749399;
0.0383539,0.0848681,0.00764735;
-0.0749399,0.00764735,0.120799;
--- GMM Component 1 Para end---


--- GMM Component 2 Para begin---
simple size: 26131
coefs: 0.187272

mean: (8.78068,16.6764,13.3468)

cov:
13.91,7.59243,12.2909;
7.59243,35.8099,18.1006;
12.2909,18.1006,21.5967;

det: 2923.87

cov inverse:
0.152449,0.0200085,-0.10353;
0.0200085,0.0510771,-0.0541958;
-0.10353,-0.0541958,0.150646;
--- GMM Component 2 Para end---


--- GMM Component 3 Para begin---
simple size: 43800
coefs: 0.3139

mean: (31.2768,42.3177,39.5208)

cov:
32.6498,11.0808,24.2768;
11.0808,47.1161,11.5102;
24.2768,11.5102,30.552;

det: 17346.4

cov inverse:
0.0753476,-0.00340758,-0.0585878;
-0.00340758,0.0235296,-0.0061569;
-0.0585878,-0.0061569,0.0816047;
--- GMM Component 3 Para end---


--- GMM Component 4 Para begin---
simple size: 21380
coefs: 0.153223

mean: (16.9914,23.3986,23.1389)

cov:
6.52691,0.610662,4.48122;
0.610662,8.43654,0.637959;
4.48122,0.637959,7.49498;

det: 241.331

cov inverse:
0.260325,-0.00711911,-0.155041;
-0.00711911,0.119495,-0.00591468;
-0.155041,-0.00591468,0.226625;
--- GMM Component 4 Para end---


--- GMM Component 0 Para begin---
simple size: 24904
coefs: 0.247887

mean: (41.4815,51.7052,46.7017)

cov:
80.3577,54.1639,56.2333;
54.1639,94.1318,64.4422;
56.2333,64.4422,81.7372;

det: 139670

cov inverse:
0.0253546,-0.00575223,-0.0129083;
-0.00575223,0.0243863,-0.0152689;
-0.0129083,-0.0152689,0.033153;
--- GMM Component 0 Para end---


--- GMM Component 1 Para begin---
simple size: 10946
coefs: 0.108953

mean: (155.89,140.692,134.489)

cov:
415.09,280.262,215.972;
280.262,320.578,369.755;
215.972,369.755,584.622;

det: 4.93264e+06

cov inverse:
0.010278,-0.0170275,0.00697245;
-0.0170275,0.0397408,-0.0188445;
0.00697245,-0.0188445,0.0110533;
--- GMM Component 1 Para end---


--- GMM Component 2 Para begin---
simple size: 47296
coefs: 0.470771

mean: (22.7449,30.4387,30.2896)

cov:
35.6,28.3958,38.0625;
28.3958,38.94,38.5514;
38.0625,38.5514,54.1155;

det: 5394.19

cov inverse:
0.115133,-0.0128458,-0.071828;
-0.0128458,0.0885691,-0.0540607;
-0.071828,-0.0540607,0.107512;
--- GMM Component 2 Para end---


--- GMM Component 3 Para begin---
simple size: 4355
coefs: 0.0433484

mean: (207.03,200.102,202.88)

cov:
379.254,336.664,313.519;
336.664,390.868,390.769;
313.519,390.769,416.61;

det: 697361

cov inverse:
0.0145394,-0.0254447,0.0129249;
-0.0254447,0.0856186,-0.0611596;
0.0129249,-0.0611596,0.0500398;
--- GMM Component 3 Para end---


--- GMM Component 4 Para begin---
simple size: 12964
coefs: 0.12904

mean: (81.7259,88.1917,75.1425)

cov:
480.224,197.965,213.955;
197.965,202.916,178.857;
213.955,178.857,280.46;

det: 6.8383e+06

cov inverse:
0.0036442,-0.00252319,-0.00117095;
-0.00252319,0.0130014,-0.00636644;
-0.00117095,-0.00636644,0.00851888;
--- GMM Component 4 Para end---

  === GMM Dispatch and Learn DURATION: 62ms ===
--- Generate Graph ... ---
  === GMM GenerateGraph TRAIN DURATION: 93ms ===
--- Maxflow ... ---
$$$ Max Flow Energy: 869358 $$$
  === GMM MaxFlow DURATION: 240ms ===

------------ Start Train 2------------


--- GMM Component 0 Para begin---
simple size: 43408
coefs: 0.19843

mean: (55.0319,70.346,56.6384)

cov:
491.897,415.578,415.678;
415.578,458.982,391.002;
415.678,391.002,445.034;

det: 4.19593e+06

cov inverse:
0.0122452,-0.00534219,-0.00674389;
-0.00534219,0.0109922,-0.00466785;
-0.00674389,-0.00466785,0.0126472;
--- GMM Component 0 Para end---


--- GMM Component 1 Para begin---
simple size: 42945
coefs: 0.196314

mean: (22.4036,30.8556,29.8992)

cov:
13.1479,-4.83484,8.573;
-4.83484,10.4939,-3.24646;
8.573,-3.24646,12.8385;

det: 830.538

cov inverse:
0.149524,0.0412263,-0.0894214;
0.0412263,0.114748,0.00148705;
-0.0894214,0.00148705,0.137979;
--- GMM Component 1 Para end---


--- GMM Component 2 Para begin---
simple size: 30262
coefs: 0.138336

mean: (9.10782,17.1976,13.8084)

cov:
13.6601,8.36641,11.9255;
8.36641,36.1606,20.2015;
11.9255,20.2015,21.6068;

det: 2474.24

cov inverse:
0.15084,0.0243068,-0.105979;
0.0243068,0.0618106,-0.071206;
-0.105979,-0.071206,0.17135;
--- GMM Component 2 Para end---


--- GMM Component 3 Para begin---
simple size: 72750
coefs: 0.332561

mean: (31.878,42.0611,40.3507)

cov:
35.2733,18.3016,27.0856;
18.3016,42.2243,18.9468;
27.0856,18.9468,30.5458;

det: 10408.2

cov inverse:
0.0894294,-0.00440552,-0.0765662;
-0.00440552,0.0330339,-0.0165836;
-0.0765662,-0.0165836,0.110917;
--- GMM Component 3 Para end---


--- GMM Component 4 Para begin---
simple size: 29392
coefs: 0.134359

mean: (17.3032,23.5058,23.475)

cov:
6.31751,1.68205,4.62042;
1.68205,7.6004,1.45076;
4.62042,1.45076,7.93371;

det: 205.493

cov inverse:
0.283196,-0.0323214,-0.159017;
-0.0323214,0.140019,-0.00678072;
-0.159017,-0.00678072,0.219892;
--- GMM Component 4 Para end---


--- GMM Component 0 Para begin---
simple size: 871
coefs: 0.0410017

mean: (49.3995,46.2537,43.0103)

cov:
106.589,98.8837,126.983;
98.8837,120.538,152.777;
126.983,152.777,227.131;

det: 102496

cov inverse:
0.0393885,-0.029849,-0.00194353;
-0.029849,0.0788797,-0.0363697;
-0.00194353,-0.0363697,0.029953;
--- GMM Component 0 Para end---


--- GMM Component 1 Para begin---
simple size: 11456
coefs: 0.539284

mean: (155.056,139.136,132.033)

cov:
461.634,333.701,282.49;
333.701,373.627,435.867;
282.49,435.867,672.82;

det: 5.78354e+06

cov inverse:
0.010617,-0.0175313,0.00689947;
-0.0175313,0.0399057,-0.018491;
0.00689947,-0.018491,0.0105683;
--- GMM Component 1 Para end---


--- GMM Component 2 Para begin---
simple size: 106
coefs: 0.00498988

mean: (25.5,28.6698,27.3302)

cov:
47.967,45.4575,62.7877;
45.4575,53.24,63.7034;
62.7877,63.7034,94.3532;

det: 5082.83

cov inverse:
0.189904,-0.0569125,-0.0879475;
-0.0569125,0.114806,-0.0396396;
-0.0879475,-0.0396396,0.0958865;
--- GMM Component 2 Para end---


--- GMM Component 3 Para begin---
simple size: 4356
coefs: 0.205056

mean: (206.008,199.735,202.981)

cov:
401.521,361.711,339.817;
361.711,404.37,397.342;
339.817,397.342,409.84;

det: 513266

cov inverse:
0.0152872,-0.025757,0.0122962;
-0.025757,0.0956303,-0.0713578;
0.0122962,-0.0713578,0.0614264;
--- GMM Component 3 Para end---


--- GMM Component 4 Para begin---
simple size: 4454
coefs: 0.209669

mean: (96.1664,86.526,77.5784)

cov:
298.264,234.723,175.018;
234.723,247.935,256.231;
175.018,256.231,408.119;

det: 1.57062e+06

cov inverse:
0.0226232,-0.0324391,0.0106646;
-0.0324391,0.0579997,-0.0225029;
0.0106646,-0.0225029,0.012005;
--- GMM Component 4 Para end---

  === GMM Dispatch and Learn DURATION: 62ms ===
--- Generate Graph ... ---
  === GMM GenerateGraph TRAIN DURATION: 93ms ===
--- Maxflow ... ---
$$$ Max Flow Energy: 817516 $$$
  === GMM MaxFlow DURATION: 31ms ===

------------ Start Train 3------------


--- GMM Component 0 Para begin---
simple size: 46940
coefs: 0.214653

mean: (52.2181,68.1812,54.0219)

cov:
543.409,455.452,463.423;
455.452,488.4,429.883;
463.423,429.883,483.955;

det: 4.20948e+06

cov inverse:
0.0122494,-0.0050363,-0.00725615;
-0.0050363,0.0114562,-0.00535357;
-0.00725615,-0.00535357,0.01377;
--- GMM Component 0 Para end---


--- GMM Component 1 Para begin---
simple size: 42935
coefs: 0.196338

mean: (22.6855,30.6222,30.2491)

cov:
11.8362,-2.80368,8.0595;
-2.80368,8.01148,-1.54384;
8.0595,-1.54384,11.6176;

det: 531.49

cov inverse:
0.170635,0.0378737,-0.113342;
0.0378737,0.136508,-0.00813389;
-0.113342,-0.00813389,0.163624;
--- GMM Component 1 Para end---


--- GMM Component 2 Para begin---
simple size: 31055
coefs: 0.142012

mean: (9.2482,17.447,14.0835)

cov:
13.5191,9.52663,12.3744;
9.52663,37.6086,22.0927;
12.3744,22.0927,22.4295;

det: 2219.82

cov inverse:
0.160129,0.0268966,-0.114836;
0.0268966,0.0676182,-0.0814416;
-0.114836,-0.0814416,0.188158;
--- GMM Component 2 Para end---


--- GMM Component 3 Para begin---
simple size: 69823
coefs: 0.319294

mean: (32.2073,42.0671,40.8423)

cov:
37.6784,22.0938,29.5972;
22.0938,39.6593,22.6202;
29.5972,22.6202,31.5373;

det: 7294.68

cov inverse:
0.101317,-0.00374037,-0.0924009;
-0.00374037,0.0428096,-0.0271951;
-0.0924009,-0.0271951,0.137931;
--- GMM Component 3 Para end---


--- GMM Component 4 Para begin---
simple size: 27926
coefs: 0.127703

mean: (17.4712,23.3242,23.5807)

cov:
5.97265,2.17268,4.36698;
2.17268,6.8699,1.6135;
4.36698,1.6135,7.84056;

det: 168.755

cov inverse:
0.303757,-0.0591916,-0.157004;
-0.0591916,0.16449,-0.000881978;
-0.157004,-0.000881978,0.21517;
--- GMM Component 4 Para end---


--- GMM Component 0 Para begin---
simple size: 908
coefs: 0.0425871

mean: (48.6487,44.9989,40.8634)

cov:
97.9438,90.6593,117.103;
90.6593,114.173,149.14;
117.103,149.14,231.625;

det: 108881

cov inverse:
0.0385981,-0.0324596,0.00138614;
-0.0324596,0.082412,-0.0366533;
0.00138614,-0.0366533,0.0272171;
--- GMM Component 0 Para end---


--- GMM Component 1 Para begin---
simple size: 11622
coefs: 0.545096

mean: (155.042,138.854,131.561)

cov:
500.398,366.265,316.501;
366.265,401.131,460.382;
316.501,460.382,689.774;

det: 6.4174e+06

cov inverse:
0.010088,-0.0166623,0.0064922;
-0.0166623,0.0381757,-0.0178345;
0.0064922,-0.0178345,0.0103742;
--- GMM Component 1 Para end---


--- GMM Component 2 Para begin---
simple size: 104
coefs: 0.00487782

mean: (25.5673,28.8654,27.625)

cov:
50.1493,47.086,65.7704;
47.086,54.1934,64.8053;
65.7704,64.8053,96.9459;

det: 4884.2

cov inverse:
0.215819,-0.0619389,-0.105013;
-0.0619389,0.109746,-0.0313409;
-0.105013,-0.0313409,0.102509;
--- GMM Component 2 Para end---


--- GMM Component 3 Para begin---
simple size: 4349
coefs: 0.203977

mean: (204.98,199.336,202.917)

cov:
426.058,387.748,366.824;
387.748,419.841,408.67;
366.824,408.67,413.444;

det: 399136

cov inverse:
0.0164584,-0.0260609,0.0111574;
-0.0260609,0.104203,-0.0798776;
0.0111574,-0.0798776,0.0714747;
--- GMM Component 3 Para end---


--- GMM Component 4 Para begin---
simple size: 4338
coefs: 0.203461

mean: (95.1565,85.8665,77.2162)

cov:
274.581,219.091,156.474;
219.091,228.514,239.198;
156.474,239.198,401.015;

det: 1.00794e+06

cov inverse:
0.0341506,-0.0500332,0.0165185;
-0.0500332,0.0849523,-0.0311498;
0.0165185,-0.0311498,0.0146285;
--- GMM Component 4 Para end---

  === GMM Dispatch and Learn DURATION: 62ms ===
--- Generate Graph ... ---
  === GMM GenerateGraph TRAIN DURATION: 109ms ===
--- Maxflow ... ---
$$$ Max Flow Energy: 812893 $$$
  === GMM MaxFlow DURATION: 31ms ===
===== GMM TRAIN DURATION: 787ms =====
===== GMM TOTAL DURATION: 802ms =====
generateTenColorImage...
generateTenColorImage...
OutputSwitcher Destructed
