read new image: ex3.jpg at D:\Code\C\clionCpp\GrabCut\test_textures\ex3.jpg
Image Size: 600*400
--------------- initGrabCut ---------------

Rect: From (50,44) To (589,286)

initByKmeans bkGMM with 110342 bkSamples
Init RGB: (R:255,G:229,B:222) (R:103,G:83,B:72) (R:164,G:167,B:124) (R:135,G:156,B:79) (R:165,G:166,B:150) 
--- Begin K-Means Iteration ---
{size: 8654, mean: (231.857,228.624,196.854)} {size: 62448, mean: (88.2253,74.4138,63.6988)} {size: 12400, mean: (155.611,151.328,124.35)} {size: 9576, mean: (132.129,127.169,103.661)} {size: 17264, mean: (184.018,179.342,156.033)} 
{size: 9364, mean: (230.045,227.435,194.864)} {size: 50593, mean: (80.8495,67.3335,56.3943)} {size: 12292, mean: (156.128,151.725,128.303)} {size: 23266, mean: (126.604,115.014,100.845)} {size: 14827, mean: (187.391,184.709,155.699)} 
{size: 9170, mean: (230.503,227.76,195.439)} {size: 44684, mean: (77.3002,63.8379,52.8977)} {size: 14788, mean: (155.602,150.981,128.186)} {size: 27698, mean: (121.776,109.312,96.2719)} {size: 14002, mean: (188.968,186.715,156.534)} 
--- End   K-Means Iteration ---
initByKmeans frGMM with 129658 frSamples
Init RGB: (R:214,G:191,B:173) (R:20,G:18,B:31) (R:255,G:212,B:221) (R:66,G:75,B:48) (R:182,G:167,B:206) 
--- Begin K-Means Iteration ---
{size: 29307, mean: (189.794,185.902,151.675)} {size: 39861, mean: (21.0931,17.2628,29.4464)} {size: 11841, mean: (245.615,236.191,228.954)} {size: 39272, mean: (92.3526,80.2174,73.3528)} {size: 9377, mean: (156.095,146.114,143.564)} 
{size: 21259, mean: (195.514,190.591,159.839)} {size: 44019, mean: (24.313,19.8058,30.9366)} {size: 14167, mean: (241.903,233.384,222.68)} {size: 31032, mean: (92.1825,78.8553,73.037)} {size: 19181, mean: (150.549,144.752,123.865)} 
{size: 21527, mean: (196.107,190.113,161.791)} {size: 44582, mean: (24.7623,20.1584,31.172)} {size: 13851, mean: (242.382,233.911,223.434)} {size: 28583, mean: (90.7178,76.9232,71.9004)} {size: 21115, mean: (148.057,143.197,120.028)} 
--- End   K-Means Iteration ---

--- GMM Component 0 Para begin---
simple size: 9170
coefs: 0.0831053

mean: (230.503,227.76,195.439)

cov:
245.143,187.513,201.282;
187.513,304.53,131.274;
201.282,131.274,469.868;

det: 1.19031e+07

cov inverse:
0.0105733,-0.00518211,-0.00308161;
-0.00518211,0.00627319,0.000467274;
-0.00308161,0.000467274,0.00331781;
--- GMM Component 0 Para end---


--- GMM Component 1 Para begin---
simple size: 44684
coefs: 0.404959

mean: (77.3002,63.8379,52.8977)

cov:
339.243,283.285,282.963;
283.285,305.288,267.706;
282.963,267.706,328.258;

det: 1.81579e+06

cov inverse:
0.0157212,-0.00949415,-0.00580912;
-0.00949415,0.0172326,-0.00586974;
-0.00580912,-0.00586974,0.0128409;
--- GMM Component 1 Para end---


--- GMM Component 2 Para begin---
simple size: 14788
coefs: 0.13402

mean: (155.602,150.981,128.186)

cov:
126.776,48.6575,65.1123;
48.6575,216.099,-9.08628;
65.1123,-9.08628,181.946;

det: 3.56963e+06

cov inverse:
0.0109915,-0.00264584,-0.00406562;
-0.00264584,0.00527415,0.00121024;
-0.00406562,0.00121024,0.00701151;
--- GMM Component 2 Para end---


--- GMM Component 3 Para begin---
simple size: 27698
coefs: 0.25102

mean: (121.776,109.312,96.2719)

cov:
158.438,93.8159,101.741;
93.8159,200.127,85.9143;
101.741,85.9143,156.539;

det: 1.98477e+06

cov inverse:
0.0120651,-0.00299521,-0.00619775;
-0.00299521,0.00728063,-0.00204916;
-0.00619775,-0.00204916,0.011541;
--- GMM Component 3 Para end---


--- GMM Component 4 Para begin---
simple size: 14002
coefs: 0.126896

mean: (188.968,186.715,156.534)

cov:
161.354,92.3509,78.2848;
92.3509,229.77,-0.221096;
78.2848,-0.221096,209.886;

det: 4.57998e+06

cov inverse:
0.0105296,-0.00423593,-0.00393188;
-0.00423593,0.00605624,0.00158633;
-0.00393188,0.00158633,0.0062327;
--- GMM Component 4 Para end---


--- GMM Component 0 Para begin---
simple size: 21527
coefs: 0.166029

mean: (196.107,190.113,161.791)

cov:
274.911,135.999,143.272;
135.999,391.719,25.0677;
143.272,25.0677,312.115;

det: 2.06016e+07

cov inverse:
0.00590407,-0.00188606,-0.0025587;
-0.00188606,0.00316854,0.000611287;
-0.0025587,0.000611287,0.00432938;
--- GMM Component 0 Para end---


--- GMM Component 1 Para begin---
simple size: 44582
coefs: 0.343843

mean: (24.7623,20.1584,31.172)

cov:
188.561,139.17,104.727;
139.17,121.267,86.7208;
104.727,86.7208,100.343;

det: 130782

cov inverse:
0.0355382,-0.0373348,-0.00482431;
-0.0373348,0.0608119,-0.0135905;
-0.00482431,-0.0135905,0.0267465;
--- GMM Component 1 Para end---


--- GMM Component 2 Para begin---
simple size: 13851
coefs: 0.106827

mean: (242.382,233.911,223.434)

cov:
178.215,130.177,175.605;
130.177,332.411,185.135;
175.605,185.135,659.045;

det: 1.99794e+07

cov inverse:
0.00924947,-0.00266685,-0.00171541;
-0.00266685,0.0043352,-0.000507225;
-0.00171541,-0.000507225,0.00211691;
--- GMM Component 2 Para end---


--- GMM Component 3 Para begin---
simple size: 28583
coefs: 0.220449

mean: (90.7178,76.9232,71.9004)

cov:
321.697,244.173,205.719;
244.173,379.044,199.175;
205.719,199.175,269.42;

det: 7.99569e+06

cov inverse:
0.0078106,-0.00310301,-0.00366993;
-0.00310301,0.00554686,-0.0017313;
-0.00366993,-0.0017313,0.00779381;
--- GMM Component 3 Para end---


--- GMM Component 4 Para begin---
simple size: 21115
coefs: 0.162852

mean: (148.057,143.197,120.028)

cov:
310.912,172.503,176.865;
172.503,429.512,74.1493;
176.865,74.1493,350.503;

det: 2.57559e+07

cov inverse:
0.00563162,-0.00183836,-0.00245283;
-0.00183836,0.00301658,0.00028948;
-0.00245283,0.00028948,0.0040295;
--- GMM Component 4 Para end---


--- INIT GMM COMPLETE ---

===== GMM INIT DURATION: 15ms =====
Beta: 0.000184789

------------ Start Train 1------------


--- GMM Component 0 Para begin---
simple size: 9080
coefs: 0.0822896

mean: (230.722,228.114,195.413)

cov:
242.098,183.46,202.13;
183.46,295.99,128.659;
202.13,128.659,484.227;

det: 1.18426e+07

cov inverse:
0.0107048,-0.00530542,-0.00305883;
-0.00530542,0.00644906,0.000501111;
-0.00305883,0.000501111,0.00320884;
--- GMM Component 0 Para end---


--- GMM Component 1 Para begin---
simple size: 45519
coefs: 0.412527

mean: (78.1161,64.1453,53.578)

cov:
359.37,297.226,300.75;
297.226,300.932,277.934;
300.75,277.934,341.954;

det: 1.48119e+06

cov inverse:
0.0173222,-0.0121853,-0.00533092;
-0.0121853,0.0218995,-0.00708246;
-0.00533092,-0.00708246,0.0133694;
--- GMM Component 1 Para end---


--- GMM Component 2 Para begin---
simple size: 14771
coefs: 0.133866

mean: (155.235,151.425,127.599)

cov:
139.334,44.1743,84.8216;
44.1743,204.842,-14.4852;
84.8216,-14.4852,218.158;

det: 4.18928e+06

cov inverse:
0.0106171,-0.00259368,-0.00430024;
-0.00259368,0.00553846,0.00137618;
-0.00430024,0.00137618,0.00634716;
--- GMM Component 2 Para end---


--- GMM Component 3 Para begin---
simple size: 26869
coefs: 0.243507

mean: (121.98,109.946,96.8177)

cov:
185.679,88.14,124.061;
88.14,170.207,85.8794;
124.061,85.8794,169.862;

det: 1.93771e+06

cov inverse:
0.0111144,-0.00222806,-0.0069911;
-0.00222806,0.00833385,-0.00258616;
-0.0069911,-0.00258616,0.0123007;
--- GMM Component 3 Para end---


--- GMM Component 4 Para begin---
simple size: 14103
coefs: 0.127812

mean: (189.077,186.766,156.737)

cov:
162.996,91.5946,84.3434;
91.5946,226.89,3.69101;
84.3434,3.69101,217.177;

det: 4.65039e+06

cov inverse:
0.010593,-0.00421059,-0.00404236;
-0.00421059,0.00608231,0.00153187;
-0.00404236,0.00153187,0.00614842;
--- GMM Component 4 Para end---


--- GMM Component 0 Para begin---
simple size: 22111
coefs: 0.170533

mean: (196.324,190.139,162.381)

cov:
282.039,153.488,145.318;
153.488,422.556,36.6453;
145.318,36.6453,317.106;

det: 2.2654e+07

cov inverse:
0.00585558,-0.00191343,-0.00246228;
-0.00191343,0.00301576,0.000528349;
-0.00246228,0.000528349,0.00422084;
--- GMM Component 0 Para end---


--- GMM Component 1 Para begin---
simple size: 43036
coefs: 0.331919

mean: (23.7776,19.4678,30.8525)

cov:
162.445,123.508,98.1761;
123.508,103.449,82.2986;
98.1761,82.2986,91.5248;

det: 40394.9

cov inverse:
0.066719,-0.0798191,0.000205356;
-0.0798191,0.129451,-0.030782;
0.000205356,-0.030782,0.0383848;
--- GMM Component 1 Para end---


--- GMM Component 2 Para begin---
simple size: 13464
coefs: 0.103842

mean: (243.084,234.339,224.374)

cov:
161.796,122.711,159.987;
122.711,321.201,185.619;
159.987,185.619,638.042;

det: 1.7043e+07

cov inverse:
0.0100032,-0.0028515,-0.00167872;
-0.0028515,0.00455535,-0.000610241;
-0.00167872,-0.000610241,0.00216576;
--- GMM Component 2 Para end---


--- GMM Component 3 Para begin---
simple size: 29835
coefs: 0.230105

mean: (88.6795,74.3832,70.4662)

cov:
388.812,299.429,269.567;
299.429,404.501,261.077;
269.567,261.077,321.744;

det: 8.00623e+06

cov inverse:
0.00774206,-0.00324268,-0.00385528;
-0.00324268,0.00654886,-0.00259721;
-0.00385528,-0.00259721,0.00844562;
--- GMM Component 3 Para end---


--- GMM Component 4 Para begin---
simple size: 21212
coefs: 0.1636

mean: (147.046,143.18,118.582)

cov:
337.649,181.718,201.117;
181.718,437.888,78.3577;
201.117,78.3577,391.709;

det: 3.09229e+07

cov inverse:
0.00534831,-0.00179225,-0.00238749;
-0.00179225,0.00296906,0.000326271;
-0.00238749,0.000326271,0.00371347;
--- GMM Component 4 Para end---

  === GMM Dispatch and Learn DURATION: 62ms ===
--- Generate Graph ... ---
  === GMM GenerateGraph TRAIN DURATION: 124ms ===
--- Maxflow ... ---
$$$ Max Flow Energy: 1.34837e+06 $$$
  === GMM MaxFlow DURATION: 213ms ===

------------ Start Train 2------------


--- GMM Component 0 Para begin---
simple size: 20002
coefs: 0.108327

mean: (231.495,228.722,198.882)

cov:
241.369,166.121,250.223;
166.121,306.662,155.017;
250.223,155.017,666.772;

det: 1.88398e+07

cov inverse:
0.00957778,-0.00382041,-0.0027061;
-0.00382041,0.00521908,0.000220329;
-0.0027061,0.000220329,0.00246408;
--- GMM Component 0 Para end---


--- GMM Component 1 Para begin---
simple size: 69557
coefs: 0.376707

mean: (78.6446,63.94,56.2135)

cov:
362.899,286.59,292.314;
286.59,278.599,255.595;
292.314,255.595,319.569;

det: 1.37323e+06

cov inverse:
0.0172604,-0.0122857,-0.00596206;
-0.0122857,0.0222273,-0.00653975;
-0.00596206,-0.00653975,0.0138134;
--- GMM Component 1 Para end---


--- GMM Component 2 Para begin---
simple size: 27513
coefs: 0.149005

mean: (154.728,153.026,125.851)

cov:
179.749,41.1819,127.538;
41.1819,194.66,-28.3553;
127.538,-28.3553,300.243;

det: 6.38757e+06

cov inverse:
0.009024,-0.00250189,-0.00406953;
-0.00250189,0.00590245,0.00162019;
-0.00406953,0.00162019,0.00521231;
--- GMM Component 2 Para end---


--- GMM Component 3 Para begin---
simple size: 38246
coefs: 0.207133

mean: (120.512,110.878,96.8194)

cov:
251.145,94.9799,181.21;
94.9799,172.086,85.3259;
181.21,85.3259,228.988;

det: 3.28865e+06

cov inverse:
0.00976847,-0.00191182,-0.00701792;
-0.00191182,0.00750218,-0.00128255;
-0.00701792,-0.00128255,0.0103986;
--- GMM Component 3 Para end---


--- GMM Component 4 Para begin---
simple size: 29327
coefs: 0.158829

mean: (190.099,186.959,156.606)

cov:
183.963,69.1234,101.264;
69.1234,242.24,-2.79545;
101.264,-2.79545,234.802;

det: 6.81704e+06

cov inverse:
0.00834241,-0.00242237,-0.00362669;
-0.00242237,0.00483209,0.00110223;
-0.00362669,0.00110223,0.00583613;
--- GMM Component 4 Para end---


--- GMM Component 0 Para begin---
simple size: 3381
coefs: 0.0610785

mean: (199.39,179.076,173.85)

cov:
333.494,145.405,67.6199;
145.405,319.121,67.2836;
67.6199,67.2836,451.95;

det: 3.68975e+07

cov inverse:
0.00378616,-0.00165773,-0.000319684;
-0.00165773,0.00396098,-0.000341659;
-0.000319684,-0.000341659,0.00231133;
--- GMM Component 0 Para end---


--- GMM Component 1 Para begin---
simple size: 38015
coefs: 0.686749

mean: (20.2472,16.9402,29.4538)

cov:
61.6408,49.3634,60.115;
49.3634,46.4606,54.4873;
60.115,54.4873,75.7223;

det: 4819.6

cov inverse:
0.11396,-0.0959436,-0.0214333;
-0.0959436,0.218643,-0.08116;
-0.0214333,-0.08116,0.0886219;
--- GMM Component 1 Para end---


--- GMM Component 2 Para begin---
simple size: 5968
coefs: 0.107813

mean: (247.849,234.309,237.3)

cov:
131.91,135.319,78.4465;
135.319,363.982,288.658;
78.4465,288.658,387.108;

det: 4.395e+06

cov inverse:
0.0131006,-0.00676655,0.00239088;
-0.00676655,0.0102183,-0.00624834;
0.00239088,-0.00624834,0.006758;
--- GMM Component 2 Para end---


--- GMM Component 3 Para begin---
simple size: 5035
coefs: 0.0909584

mean: (75.5494,56.8097,67.2922)

cov:
945.798,702.064,479.323;
702.064,724.005,538.064;
479.323,538.064,626.013;

det: 4.20848e+07

cov inverse:
0.00389034,-0.00431498,0.000730021;
-0.00431498,0.00860956,-0.00409611;
0.000730021,-0.00409611,0.00455909;
--- GMM Component 3 Para end---


--- GMM Component 4 Para begin---
simple size: 2956
coefs: 0.0534008

mean: (150.374,128.351,121.053)

cov:
421.291,165.175,51.1264;
165.175,478.473,167.221;
51.1264,167.221,517.318;

det: 7.99583e+07

cov inverse:
0.00274593,-0.000961735,3.94982e-05;
-0.000961735,0.002693,-0.000775455;
3.94982e-05,-0.000775455,0.00217981;
--- GMM Component 4 Para end---

  === GMM Dispatch and Learn DURATION: 78ms ===
--- Generate Graph ... ---
  === GMM GenerateGraph TRAIN DURATION: 124ms ===
--- Maxflow ... ---
$$$ Max Flow Energy: 1.26652e+06 $$$
  === GMM MaxFlow DURATION: 50ms ===

------------ Start Train 3------------


--- GMM Component 0 Para begin---
simple size: 21568
coefs: 0.11414

mean: (232.597,228.503,200.108)

cov:
246.731,145.428,267.366;
145.428,294.794,142.808;
267.366,142.808,685.109;

det: 2.03421e+07

cov inverse:
0.00892591,-0.00302093,-0.00285367;
-0.00302093,0.00479563,0.0001793;
-0.00285367,0.0001793,0.0025359;
--- GMM Component 0 Para end---


--- GMM Component 1 Para begin---
simple size: 70635
coefs: 0.373807

mean: (79.5558,64.3599,56.9839)

cov:
388.108,305.847,315.404;
305.847,285.882,271.213;
315.404,271.213,338.183;

det: 1.22602e+06

cov inverse:
0.0188611,-0.0145923,-0.00588805;
-0.0145923,0.0259144,-0.00717311;
-0.00588805,-0.00717311,0.014201;
--- GMM Component 1 Para end---


--- GMM Component 2 Para begin---
simple size: 28235
coefs: 0.149422

mean: (154.601,153.262,125.655)

cov:
192.317,43.0046,142.492;
43.0046,179.154,-23.3701;
142.492,-23.3701,321.693;

det: 6.45981e+06

cov inverse:
0.00883717,-0.0026571,-0.00410741;
-0.0026571,0.00643412,0.00164437;
-0.00410741,0.00164437,0.00504736;
--- GMM Component 2 Para end---


--- GMM Component 3 Para begin---
simple size: 37664
coefs: 0.199322

mean: (120.26,111.32,96.7935)

cov:
310.272,118.254,230.423;
118.254,162.032,102.798;
230.423,102.798,274.025;

det: 3.66472e+06

cov inverse:
0.0092322,-0.0023788,-0.0068708;
-0.0023788,0.00871216,-0.00126801;
-0.0068708,-0.00126801,0.00990251;
--- GMM Component 3 Para end---


--- GMM Component 4 Para begin---
simple size: 30859
coefs: 0.163309

mean: (190.722,187.034,157.075)

cov:
198.416,61.8793,117.854;
61.8793,231.739,5.37357;
117.854,5.37357,244.246;

det: 7.14932e+06

cov inverse:
0.00791301,-0.00202544,-0.00377363;
-0.00202544,0.00483583,0.000870925;
-0.00377363,0.000870925,0.00589592;
--- GMM Component 4 Para end---


--- GMM Component 0 Para begin---
simple size: 1835
coefs: 0.0359529

mean: (196.725,171.791,184.951)

cov:
341.384,168.686,-4.14974;
168.686,231.069,229.909;
-4.14974,229.909,589.002;

det: 1.13316e+07

cov inverse:
0.00734601,-0.0088523,0.00350713;
-0.0088523,0.0177432,-0.0069882;
0.00350713,-0.0069882,0.00445024;
--- GMM Component 0 Para end---


--- GMM Component 1 Para begin---
simple size: 36595
coefs: 0.717001

mean: (19.7034,16.6528,29.1187)

cov:
47.3648,38.4598,49.6385;
38.4598,36.5348,45.5538;
49.6385,45.5538,64.5474;

det: 1843.53

cov inverse:
0.153554,-0.120019,-0.0333839;
-0.120019,0.321826,-0.134828;
-0.0333839,-0.134828,0.136319;
--- GMM Component 1 Para end---


--- GMM Component 2 Para begin---
simple size: 4333
coefs: 0.0848959

mean: (249.171,239.275,243.635)

cov:
99.8559,127.525,54.9488;
127.525,314.635,243.834;
54.9488,243.834,284.326;

det: 839465

cov inverse:
0.0357421,-0.027232,0.0164462;
-0.027232,0.0302243,-0.020657;
0.0164462,-0.020657,0.0180539;
--- GMM Component 2 Para end---


--- GMM Component 3 Para begin---
simple size: 6306
coefs: 0.123553

mean: (65.5238,48.6548,61.17)

cov:
1024.6,789.449,626.821;
789.449,763.655,649.602;
626.821,649.602,743.533;

det: 2.88745e+07

cov inverse:
0.00505013,-0.00622686,0.00118281;
-0.00622686,0.0127768,-0.00591324;
0.00118281,-0.00591324,0.005514;
--- GMM Component 3 Para end---


--- GMM Component 4 Para begin---
simple size: 1970
coefs: 0.0385979

mean: (151.596,119.277,121.12)

cov:
374.974,117.031,-27.4659;
117.031,276.435,279.868;
-27.4659,279.868,598.352;

det: 2.24493e+07

cov inverse:
0.00387891,-0.0034617,0.0017972;
-0.0034617,0.00996074,-0.00481786;
0.0017972,-0.00481786,0.00400722;
--- GMM Component 4 Para end---

  === GMM Dispatch and Learn DURATION: 78ms ===
--- Generate Graph ... ---
  === GMM GenerateGraph TRAIN DURATION: 125ms ===
--- Maxflow ... ---
$$$ Max Flow Energy: 1.25214e+06 $$$
  === GMM MaxFlow DURATION: 46ms ===
===== GMM TRAIN DURATION: 904ms =====
===== GMM TOTAL DURATION: 920ms =====
generateTenColorImage...
generateHandledImage...
--------------- advanceGrabCut ---------------

------------ Start Train 1------------


--- GMM Component 0 Para begin---
simple size: 20861
coefs: 0.11075

mean: (232.476,229.107,199.432)

cov:
243.55,144.329,271.407;
144.329,284.457,143.279;
271.407,143.279,691.791;

det: 1.87881e+07

cov inverse:
0.00938125,-0.00324451,-0.00300851;
-0.00324451,0.00504705,0.000227589;
-0.00300851,0.000227589,0.0025787;
--- GMM Component 0 Para end---


--- GMM Component 1 Para begin---
simple size: 71521
coefs: 0.3797

mean: (80.408,64.8317,57.6795)

cov:
411.153,325.692,336.616;
325.692,297.766,287.543;
336.616,287.543,355.92;

det: 1.13401e+06

cov inverse:
0.0205463,-0.0168682,-0.00580436;
-0.0168682,0.0291242,-0.0075758;
-0.00580436,-0.0075758,0.0144196;
--- GMM Component 1 Para end---


--- GMM Component 2 Para begin---
simple size: 28221
coefs: 0.149823

mean: (154.391,153.507,125.641)

cov:
207.401,47.7667,159.456;
47.7667,166.958,-16.4997;
159.456,-16.4997,342.18;

det: 6.51508e+06

cov inverse:
0.00872706,-0.00291259,-0.00420727;
-0.00291259,0.00699025,0.00169434;
-0.00420727,0.00169434,0.00496474;
--- GMM Component 2 Para end---


--- GMM Component 3 Para begin---
simple size: 37034
coefs: 0.196611

mean: (120.017,111.521,96.8074)

cov:
371.801,151.432,280.031;
151.432,165.332,127.851;
280.031,127.851,315.482;

det: 3.95924e+06

cov inverse:
0.00904555,-0.00302378,-0.0068037;
-0.00302378,0.00981981,-0.00129554;
-0.0068037,-0.00129554,0.00973394;
--- GMM Component 3 Para end---


--- GMM Component 4 Para begin---
simple size: 30725
coefs: 0.163117

mean: (190.789,187.437,157.284)

cov:
198.965,61.8042,124.836;
61.8042,221.914,10.9026;
124.836,10.9026,255.708;

det: 6.99987e+06

cov inverse:
0.00808963,-0.0020633,-0.00386135;
-0.0020633,0.00504196,0.000792319;
-0.00386135,0.000792319,0.00576202;
--- GMM Component 4 Para end---


--- GMM Component 0 Para begin---
simple size: 2302
coefs: 0.0445796

mean: (200.983,173.641,185.184)

cov:
394.37,228.033,45.1934;
228.033,306.697,325.186;
45.1934,325.186,696.504;

det: 1.2399e+07

cov inverse:
0.00869986,-0.0116243,0.0048627;
-0.0116243,0.0219887,-0.0095119;
0.0048627,-0.0095119,0.00556117;
--- GMM Component 0 Para end---


--- GMM Component 1 Para begin---
simple size: 35269
coefs: 0.683005

mean: (19.3598,16.52,28.9677)

cov:
39.5423,32.5573,42.8172;
32.5573,30.9131,39.3084;
42.8172,39.3084,56.0874;

det: 929.087

cov inverse:
0.203089,-0.153892,-0.0471846;
-0.153892,0.413862,-0.172571;
-0.0471846,-0.172571,0.174795;
--- GMM Component 1 Para end---


--- GMM Component 2 Para begin---
simple size: 4584
coefs: 0.0887718

mean: (250.094,239.018,243.437)

cov:
72.1066,90.0455,31.3761;
90.0455,296.041,237.273;
31.3761,237.273,274.584;

det: 624816

cov inverse:
0.0399951,-0.0276567,0.0193286;
-0.0276567,0.0301127,-0.0228607;
0.0193286,-0.0228607,0.0211876;
--- GMM Component 2 Para end---


--- GMM Component 3 Para begin---
simple size: 7483
coefs: 0.144913

mean: (57.6862,42.8117,55.9246)

cov:
972.173,778.294,680.499;
778.294,752.455,681.903;
680.499,681.903,788.885;

det: 2.10336e+07

cov inverse:
0.00611445,-0.0071291,0.000887938;
-0.0071291,0.0144461,-0.00633742;
0.000887938,-0.00633742,0.00597966;
--- GMM Component 3 Para end---


--- GMM Component 4 Para begin---
simple size: 2000
coefs: 0.0387312

mean: (150.927,116.791,117.621)

cov:
318.82,115.327,-6.05717;
115.327,307.869,338.719;
-6.05717,338.719,661.056;

det: 1.90307e+07

cov inverse:
0.00466554,-0.00411385,0.00215065;
-0.00411385,0.0110727,-0.00571123;
0.00215065,-0.00571123,0.00445881;
--- GMM Component 4 Para end---

  === GMM Dispatch and Learn DURATION: 62ms ===
--- Generate Graph ... ---
  === GMM GenerateGraph TRAIN DURATION: 125ms ===
--- Maxflow ... ---
$$$ Max Flow Energy: 1.25632e+06 $$$
  === GMM MaxFlow DURATION: 31ms ===
generateTenColorImage...
generateHandledImage...

------------ Start Train 1------------


--- GMM Component 0 Para begin---
simple size: 18387
coefs: 0.0997483

mean: (231.128,229.881,194.991)

cov:
229.655,143.696,247.662;
143.696,249.563,133.517;
247.662,133.517,565.394;

det: 1.0832e+07

cov inverse:
0.0113806,-0.00444769,-0.00393476;
-0.00444769,0.00632469,0.000454673;
-0.00393476,0.000454673,0.00338487;
--- GMM Component 0 Para end---


--- GMM Component 1 Para begin---
simple size: 72148
coefs: 0.391398

mean: (81.1383,65.2806,58.2661)

cov:
431.534,344.311,355.35;
344.311,310.665,302.891;
355.35,302.891,371.773;

det: 1.06607e+06

cov inverse:
0.0222818,-0.0191106,-0.00572773;
-0.0191106,0.0320418,-0.00783868;
-0.00572773,-0.00783868,0.0145509;
--- GMM Component 1 Para end---


--- GMM Component 2 Para begin---
simple size: 27721
coefs: 0.150385

mean: (153.89,153.943,125.405)

cov:
220.645,57.5756,178.082;
57.5756,155.323,-5.54205;
178.082,-5.54205,362.207;

det: 6.16636e+06

cov inverse:
0.00911855,-0.003542,-0.00453741;
-0.003542,0.00781757,0.00186107;
-0.00453741,0.00186107,0.00502018;
--- GMM Component 2 Para end---


--- GMM Component 3 Para begin---
simple size: 36510
coefs: 0.198064

mean: (119.672,111.618,96.8244)

cov:
429.06,189.931,327.646;
189.931,177.408,156.847;
327.646,156.847,354.646;

det: 4.12258e+06

cov inverse:
0.0092942,-0.00387329,-0.0068736;
-0.00387329,0.01087,-0.00122896;
-0.0068736,-0.00122896,0.00971353;
--- GMM Component 3 Para end---


--- GMM Component 4 Para begin---
simple size: 29568
coefs: 0.160404

mean: (190.097,188.461,157.02)

cov:
183.311,74.6144,124.415;
74.6144,204.784,19.2091;
124.415,19.2091,265.681;

det: 5.61348e+06

cov inverse:
0.00962654,-0.0031057,-0.00428342;
-0.0031057,0.00591849,0.00102644;
-0.00428342,0.00102644,0.00569555;
--- GMM Component 4 Para end---


--- GMM Component 0 Para begin---
simple size: 4286
coefs: 0.0769949

mean: (206.638,175.054,184.14)

cov:
389.248,258.714,128.379;
258.714,381.553,461.975;
128.379,461.975,864.262;

det: 1.18372e+07

cov inverse:
0.00982838,-0.0138789,0.00595879;
-0.0138789,0.0270275,-0.0123854;
0.00595879,-0.0123854,0.00689233;
--- GMM Component 0 Para end---


--- GMM Component 1 Para begin---
simple size: 34170
coefs: 0.61384

mean: (19.1544,16.4696,28.9426)

cov:
35.2492,29.2464,38.9931;
29.2464,27.5541,35.3685;
38.9931,35.3685,50.6738;

det: 553.278

cov inverse:
0.2627,-0.185988,-0.0723329;
-0.185988,0.480319,-0.192129;
-0.0723329,-0.192129,0.209492;
--- GMM Component 1 Para end---


--- GMM Component 2 Para begin---
simple size: 6270
coefs: 0.112636

mean: (250.631,237.56,242.177)

cov:
49.5812,62.7632,18.3423;
62.7632,324.304,269.674;
18.3423,269.674,299.853;

det: 546334

cov inverse:
0.0448807,-0.0253935,0.0200923;
-0.0253935,0.0265966,-0.0223664;
0.0200923,-0.0223664,0.0222212;
--- GMM Component 2 Para end---


--- GMM Component 3 Para begin---
simple size: 8463
coefs: 0.152032

mean: (52.4706,38.799,51.9656)

cov:
906.56,736.5,677.801;
736.5,703.707,663.656;
677.801,663.656,781.185;

det: 1.46361e+07

cov inverse:
0.00746688,-0.00857579,0.000806863;
-0.00857579,0.0169975,-0.00699934;
0.000806863,-0.00699934,0.00652632;
--- GMM Component 3 Para end---


--- GMM Component 4 Para begin---
simple size: 2477
coefs: 0.0444975

mean: (151.122,115.759,115.862)

cov:
309.984,175.845,65.616;
175.845,377.524,391.296;
65.616,391.296,666.771;

det: 1.73541e+07

cov inverse:
0.00568217,-0.00527671,0.00253748;
-0.00527671,0.0116619,-0.00632456;
0.00253748,-0.00632456,0.00496164;
--- GMM Component 4 Para end---

  === GMM Dispatch and Learn DURATION: 62ms ===
--- Generate Graph ... ---
  === GMM GenerateGraph TRAIN DURATION: 125ms ===
--- Maxflow ... ---
$$$ Max Flow Energy: 1.25174e+06 $$$
  === GMM MaxFlow DURATION: 31ms ===
generateTenColorImage...
generateHandledImage...
OutputSwitcher Destructed
