read new image: ex2.jpg at D:\Code\C\clionCpp\GrabCut\test_textures\ex2.jpg
Image Size: 400*600

Rect: From (36,176) To (404,417)

initByKmeans bkGMM with 152880 bkSamples
Init RGB: (R:7,G:9,B:4) (R:38,G:44,B:44) (R:20,G:30,B:22) (R:10,G:21,B:17) (R:28,G:31,B:38) 
--- Begin K-Means Iteration ---
{size: 7965, mean: (5.55556,10.2768,7.75844)} {size: 51622, mean: (46.0108,59.8082,51.2128)} {size: 33596, mean: (19.1487,29.5309,25.4926)} {size: 26681, mean: (11.5983,19.9646,17.2553)} {size: 33016, mean: (26.8012,34.4283,35.0787)} 
{size: 9743, mean: (5.7899,11.2232,8.50395)} {size: 34538, mean: (52.643,67.4355,56.4596)} {size: 32225, mean: (19.2736,28.8873,25.9472)} {size: 26387, mean: (12.2867,20.3773,17.8365)} {size: 49987, mean: (28.7508,38.4845,36.8264)} 
{size: 10970, mean: (6.01942,11.8064,8.93409)} {size: 25847, mean: (57.777,72.958,60.5212)} {size: 36258, mean: (19.9987,29.1105,26.8121)} {size: 25766, mean: (12.5389,20.729,18.1513)} {size: 54039, mean: (30.5239,41.1906,38.4604)} 
--- End   K-Means Iteration ---
initByKmeans frGMM with 87120 frSamples
Init RGB: (R:32,G:38,B:36) (R:37,G:47,B:48) (R:17,G:34,B:24) (R:33,G:43,B:34) (R:110,G:90,B:66) 
--- Begin K-Means Iteration ---
{size: 19314, mean: (28.403,35.2262,36.2702)} {size: 18301, mean: (46.6083,57.3356,51.5788)} {size: 21958, mean: (18.6271,26.8154,25.0114)} {size: 3264, mean: (33.7089,45.1593,34.7996)} {size: 24283, mean: (141.019,133.674,126.872)} 
{size: 20339, mean: (27.1632,34.6229,35.4393)} {size: 19151, mean: (58.8515,68.6939,59.7692)} {size: 19494, mean: (18.1859,25.9891,24.1249)} {size: 9552, mean: (35.2287,44.8424,40.4057)} {size: 18584, mean: (160.051,148.362,143.478)} 
{size: 21621, mean: (26.4131,34.0303,34.3503)} {size: 16129, mean: (70.2544,78.06,67.4078)} {size: 17183, mean: (17.5773,25.3727,23.2511)} {size: 15700, mean: (37.499,46.8597,43.3676)} {size: 16487, mean: (166.797,154.389,150.287)} 
--- End   K-Means Iteration ---
Coefs 0 : 10970 / 152880 = 0.0717556

--- GMM Component 0 Para begin---
mean: (6.01942,11.8064,8.93409)

cov:
9.22907,1.45408,5.45151;
1.45408,16.716,6.27821;
5.45151,6.27821,10.6382;

det: 857.68

cov inverse:
0.161381,0.0218694,-0.095605;
0.0218694,0.0798223,-0.0583145;
-0.095605,-0.0583145,0.177408;
--- GMM Component 0 Para end---

Coefs 1 : 25847 / 152880 = 0.169067

--- GMM Component 1 Para begin---
mean: (57.777,72.958,60.5212)

cov:
425.962,355.397,295.321;
355.397,387.057,257.287;
295.321,257.287,275.706;

det: 2.68602e+06

cov inverse:
0.0150846,-0.00819169,-0.00851332;
-0.00819169,0.0112531,-0.00172684;
-0.00851332,-0.00172684,0.0143575;
--- GMM Component 1 Para end---

Coefs 2 : 36258 / 152880 = 0.237166

--- GMM Component 2 Para begin---
mean: (19.9987,29.1105,26.8121)

cov:
14.0835,-3.28162,7.79779;
-3.28162,25.9224,-1.76359;
7.79779,-1.76359,14.4623;

det: 3594.36

cov inverse:
0.103436,0.00937794,-0.0546273;
0.00937794,0.0397496,-0.000209179;
-0.0546273,-0.000209179,0.0985737;
--- GMM Component 2 Para end---

Coefs 3 : 25766 / 152880 = 0.168537

--- GMM Component 3 Para begin---
mean: (12.5389,20.729,18.1513)

cov:
11.7029,-2.30278,6.55018;
-2.30278,16.4036,-0.186387;
6.55018,-0.186387,11.9512;

det: 1532.31

cov inverse:
0.127916,0.0171637,-0.0698402;
0.0171637,0.0632762,-0.00842019;
-0.0698402,-0.00842019,0.12182;
--- GMM Component 3 Para end---

Coefs 4 : 54039 / 152880 = 0.353473

--- GMM Component 4 Para begin---
mean: (30.5239,41.1906,38.4604)

cov:
29.9488,12.8986,19.4124;
12.8986,54.4491,10.4699;
19.4124,10.4699,30.6826;

det: 26370.3

cov inverse:
0.0591962,-0.00730048,-0.0349614;
-0.00730048,0.0205558,-0.00239542;
-0.0349614,-0.00239542,0.0555287;
--- GMM Component 4 Para end---

Coefs 0 : 21621 / 87120 = 0.248175

--- GMM Component 0 Para begin---
mean: (26.4131,34.0303,34.3503)

cov:
13.6126,2.38611,2.87366;
2.38611,14.4473,4.61895;
2.87366,4.61895,12.6524;

det: 2069.87

cov inverse:
0.0780041,-0.00817277,-0.0147331;
-0.00817277,0.0792193,-0.027064;
-0.0147331,-0.027064,0.0922631;
--- GMM Component 0 Para end---

Coefs 1 : 16129 / 87120 = 0.185135

--- GMM Component 1 Para begin---
mean: (70.2544,78.06,67.4078)

cov:
428.007,224.658,186.767;
224.658,230.623,165.725;
186.767,165.725,207.511;

det: 4.11717e+06

cov inverse:
0.00495284,-0.00380523,-0.00141875;
-0.00380523,0.0130998,-0.00703709;
-0.00141875,-0.00703709,0.011716;
--- GMM Component 1 Para end---

Coefs 2 : 17183 / 87120 = 0.197234

--- GMM Component 2 Para begin---
mean: (17.5773,25.3727,23.2511)

cov:
24.9202,10.9156,18.3305;
10.9156,23.6034,17.1037;
18.3305,17.1037,32.6943;

det: 6958.79

cov inverse:
0.0688569,-0.0062308,-0.035346;
-0.0062308,0.0687964,-0.0324967;
-0.035346,-0.0324967,0.0674039;
--- GMM Component 2 Para end---

Coefs 3 : 15700 / 87120 = 0.180211

--- GMM Component 3 Para begin---
mean: (37.499,46.8597,43.3676)

cov:
35.8547,10.6944,8.16876;
10.6944,35.623,12.0955;
8.16876,12.0955,27.9916;

det: 27041.6

cov inverse:
0.0314642,-0.00741621,-0.00597753;
-0.00741621,0.0346466,-0.012807;
-0.00597753,-0.012807,0.0430035;
--- GMM Component 3 Para end---

Coefs 4 : 16487 / 87120 = 0.189245

--- GMM Component 4 Para begin---
mean: (166.797,154.389,150.287)

cov:
1055.83,1003.93,1058.49;
1003.93,1124.44,1273.57;
1058.49,1273.57,1567.68;

det: 1.55107e+07

cov inverse:
0.00907729,-0.0145572,0.00569724;
-0.0145572,0.03448,-0.0181822;
0.00569724,-0.0181822,0.0115622;
--- GMM Component 4 Para end---

--- Start Train 1---
Coefs 0 : 10804 / 152880 = 0.0706698

--- GMM Component 0 Para begin---
mean: (6.10635,11.5804,9.04397)

cov:
8.99674,2.21919,5.95821;
2.21919,14.0512,7.30704;
5.95821,7.30704,10.1403;

det: 446.001

cov inverse:
0.199755,0.0471605,-0.151355;
0.0471605,0.124954,-0.117751;
-0.151355,-0.117751,0.272399;
--- GMM Component 0 Para end---

Coefs 1 : 26961 / 152880 = 0.176354

--- GMM Component 1 Para begin---
mean: (55.534,71.6826,57.4688)

cov:
504.565,404.707,387.277;
404.707,420.729,331.707;
387.277,331.707,393.925;

det: 4.46428e+06

cov inverse:
0.0124782,-0.0069354,-0.00642761;
-0.0069354,0.0109262,-0.0023821;
-0.00642761,-0.0023821,0.0108636;
--- GMM Component 1 Para end---

Coefs 2 : 36022 / 152880 = 0.235623

--- GMM Component 2 Para begin---
mean: (20.2994,29.0061,27.2399)

cov:
13.8263,-2.9449,9.45326;
-2.9449,21.0494,-0.353951;
9.45326,-0.353951,13.7816;

det: 2028.32

cov inverse:
0.14296,0.0183597,-0.0975897;
0.0183597,0.0498857,-0.0113123;
-0.0975897,-0.0113123,0.13921;
--- GMM Component 2 Para end---

Coefs 3 : 26259 / 152880 = 0.171762

--- GMM Component 3 Para begin---
mean: (12.6187,20.6848,18.3698)

cov:
11.6531,-1.43427,7.65165;
-1.43427,14.077,0.947752;
7.65165,0.947752,11.8339;

det: 1061.45

cov inverse:
0.156095,0.0228224,-0.102757;
0.0228224,0.0747597,-0.0207441;
-0.102757,-0.0207441,0.152606;
--- GMM Component 3 Para end---

Coefs 4 : 52834 / 152880 = 0.345591

--- GMM Component 4 Para begin---
mean: (30.8753,41.3556,39.1749)

cov:
31.7166,15.0128,24.7992;
15.0128,48.7037,15.8258;
24.7992,15.8258,30.9281;

det: 14692

cov inverse:
0.0854787,-0.00489041,-0.0660374;
-0.00489041,0.0249069,-0.00882352;
-0.0660374,-0.00882352,0.0897992;
--- GMM Component 4 Para end---

Coefs 0 : 22937 / 87120 = 0.263281

--- GMM Component 0 Para begin---
mean: (26.1658,33.8395,34.5072)

cov:
11.6631,4.57005,5.72963;
4.57005,14.5785,6.90452;
5.72963,6.90452,11.7972;

det: 1086.48

cov inverse:
0.114419,-0.0132111,-0.0478384;
-0.0132111,0.0964247,-0.0500179;
-0.0478384,-0.0500179,0.137273;
--- GMM Component 0 Para end---

Coefs 1 : 15459 / 87120 = 0.177445

--- GMM Component 1 Para begin---
mean: (66.1353,75.8007,64.908)

cov:
326.27,216.287,217.577;
216.287,283.352,231.468;
217.577,231.468,273.264;

det: 3.37056e+06

cov inverse:
0.0070767,-0.00259349,-0.00343775;
-0.00259349,0.0124069,-0.0084443;
-0.00343775,-0.0084443,0.0135494;
--- GMM Component 1 Para end---

Coefs 2 : 15848 / 87120 = 0.18191

--- GMM Component 2 Para begin---
mean: (17.1048,25.1006,22.7784)

cov:
22.6472,10.4117,18.3495;
10.4117,24.1539,16.2972;
18.3495,16.2972,30.1223;

det: 5291.45

cov inverse:
0.0873058,-0.00275536,-0.0516931;
-0.00275536,0.0652903,-0.0336457;
-0.0516931,-0.0336457,0.0828913;
--- GMM Component 2 Para end---

Coefs 3 : 15326 / 87120 = 0.175918

--- GMM Component 3 Para begin---
mean: (37.8302,47.1679,43.9644)

cov:
33.2233,12.6347,15.5326;
12.6347,34.4735,16.4933;
15.5326,16.4933,31.679;

det: 20344.4

cov inverse:
0.0403088,-0.00708165,-0.0160769;
-0.00708165,0.0398744,-0.0172879;
-0.0160769,-0.0172879,0.0484501;
--- GMM Component 3 Para end---

Coefs 4 : 17550 / 87120 = 0.201446

--- GMM Component 4 Para begin---
mean: (163.62,150.61,145.777)

cov:
1165.16,1141.66,1221.85;
1141.66,1280.9,1465.89;
1221.85,1465.89,1809.79;

det: 1.58092e+07

cov inverse:
0.0107105,-0.0173984,0.00686135;
-0.0173984,0.0389507,-0.019803;
0.00686135,-0.019803,0.0119603;
--- GMM Component 4 Para end---

--- Generate Graph ... ---
--- Maxflow ... ---
=== Max Flow Energy: 1.92943e+06 ===
generateTenColorImage...
generateTenColorImage...
--- Start Train 2---
Coefs 0 : 11056 / 217239 = 0.0508933

--- GMM Component 0 Para begin---
mean: (6.22133,11.4988,9.11957)

cov:
9.04626,2.79046,6.06299;
2.79046,12.8117,7.52728;
6.06299,7.52728,9.84515;

det: 335.556

cov inverse:
0.207039,0.0541349,-0.168892;
0.0541349,0.155867,-0.152509;
-0.168892,-0.152509,0.322185;
--- GMM Component 0 Para end---

Coefs 1 : 44582 / 217239 = 0.205221

--- GMM Component 1 Para begin---
mean: (53.7913,69.7152,55.7947)

cov:
502.252,418.604,423.538;
418.604,450.435,388.305;
423.538,388.305,445.636;

det: 3.88643e+06

cov inverse:
0.0128522,-0.00568201,-0.00726387;
-0.00568201,0.0114338,-0.00456261;
-0.00726387,-0.00456261,0.0131233;
--- GMM Component 1 Para end---

Coefs 2 : 52140 / 217239 = 0.240012

--- GMM Component 2 Para begin---
mean: (20.8078,28.8587,27.9432)

cov:
12.148,-0.810433,8.95325;
-0.810433,14.8835,1.54247;
8.95325,1.54247,13.2867;

det: 1149.2

cov inverse:
0.170007,0.021387,-0.117042;
0.021387,0.0706972,-0.0226191;
-0.117042,-0.0226191,0.156759;
--- GMM Component 2 Para end---

Coefs 3 : 31735 / 217239 = 0.146083

--- GMM Component 3 Para begin---
mean: (12.7634,20.7778,18.497)

cov:
11.4525,-0.358142,7.53132;
-0.358142,12.3603,2.14635;
7.53132,2.14635,11.719;

det: 891.969

cov inverse:
0.157229,0.022828,-0.105226;
0.022828,0.0868763,-0.0305822;
-0.105226,-0.0305822,0.158557;
--- GMM Component 3 Para end---

Coefs 4 : 77726 / 217239 = 0.35779

--- GMM Component 4 Para begin---
mean: (31.3621,41.0724,39.8362)

cov:
34.8523,21.8472,27.82;
21.8472,44.6991,23.1351;
27.82,23.1351,31.4354;

det: 8841.55

cov inverse:
0.0983879,-0.00488111,-0.0834798;
-0.00488111,0.0363789,-0.0224536;
-0.0834798,-0.0224536,0.122215;
--- GMM Component 4 Para end---

Coefs 0 : 364 / 22761 = 0.0159923

--- GMM Component 0 Para begin---
mean: (26.206,29.9505,34.717)

cov:
16.0317,9.74096,4.51709;
9.74096,10.8767,6.55744;
4.51709,6.55744,14.7523;

det: 838.371

cov inverse:
0.140101,-0.136075,0.0175874;
-0.136075,0.257763,-0.0729106;
0.0175874,-0.0729106,0.0948095;
--- GMM Component 0 Para end---

Coefs 1 : 3302 / 22761 = 0.145073

--- GMM Component 1 Para begin---
mean: (73.4128,67.8225,63.0781)

cov:
351.236,360.659,387.907;
360.659,405.323,452.663;
387.907,452.663,569.435;

det: 695639

cov inverse:
0.0372342,-0.0428105,0.00866708;
-0.0428105,0.0712066,-0.0274414;
0.00866708,-0.0274414,0.017666;
--- GMM Component 1 Para end---

Coefs 2 : 478 / 22761 = 0.0210008

--- GMM Component 2 Para begin---
mean: (20.9749,22.7259,23.9854)

cov:
12.8153,5.51404,2.53311;
5.51404,15.4374,15.0441;
2.53311,15.0441,31.8136;

det: 2747.35

cov inverse:
0.0963822,-0.0499802,0.0159605;
-0.0499802,0.146062,-0.0650906;
0.0159605,-0.0650906,0.0609425;
--- GMM Component 2 Para end---

Coefs 3 : 578 / 22761 = 0.0253943

--- GMM Component 3 Para begin---
mean: (42.0346,42.7699,41.9377)

cov:
28.6597,22.4388,28.2115;
22.4388,28.2118,32.3715;
28.2115,32.3715,60.9684;

det: 7095.99

cov inverse:
0.0947174,-0.0640936,-0.00979709;
-0.0640936,0.134083,-0.0415341;
-0.00979709,-0.0415341,0.042988;
--- GMM Component 3 Para end---

Coefs 4 : 18039 / 22761 = 0.79254

--- GMM Component 4 Para begin---
mean: (161.939,148.598,143.213)

cov:
1227.22,1221.6,1331.32;
1221.6,1369.22,1582.12;
1331.32,1582.12,1959.28;

det: 1.5847e+07

cov inverse:
0.0113313,-0.0181194,0.00693197;
-0.0181194,0.0398853,-0.0198955;
0.00693197,-0.0198955,0.0118658;
--- GMM Component 4 Para end---

--- Generate Graph ... ---
--- Maxflow ... ---
=== Max Flow Energy: 1.88107e+06 ===
generateTenColorImage...
generateTenColorImage...
--- Start Train 3---
Coefs 0 : 10657 / 218058 = 0.0488723

--- GMM Component 0 Para begin---
mean: (6.21986,11.2879,9.09768)

cov:
8.76906,3.03786,6.10332;
3.03786,11.8169,7.56989;
6.10332,7.56989,9.82165;

det: 265.136

cov inverse:
0.221616,0.0617219,-0.185287;
0.0617219,0.184344,-0.180435;
-0.185287,-0.180435,0.356024;
--- GMM Component 0 Para end---

Coefs 1 : 48622 / 218058 = 0.222977

--- GMM Component 1 Para begin---
mean: (50.9232,67.3546,53.1736)

cov:
551.729,459.89,467.797;
459.89,483.231,427.583;
467.797,427.583,480.763;

det: 3.85448e+06

cov inverse:
0.0128403,-0.00546797,-0.0076309;
-0.00546797,0.0120423,-0.00538973;
-0.0076309,-0.00538973,0.0142987;
--- GMM Component 1 Para end---

Coefs 2 : 51735 / 218058 = 0.237253

--- GMM Component 2 Para begin---
mean: (21.0616,28.687,28.2464)

cov:
11.1863,0.605089,8.70923;
0.605089,12.5628,2.47734;
8.70923,2.47734,12.8579;

det: 806.795

cov inverse:
0.192606,0.0170992,-0.133756;
0.0170992,0.0842618,-0.0278169;
-0.133756,-0.0278169,0.173732;
--- GMM Component 2 Para end---

Coefs 3 : 32179 / 218058 = 0.147571

--- GMM Component 3 Para begin---
mean: (12.8144,20.7332,18.5354)

cov:
11.5777,0.0971359,7.65865;
0.0971359,12.0453,2.73696;
7.65865,2.73696,11.8947;

det: 869.506

cov inverse:
0.156162,0.0227785,-0.10579;
0.0227785,0.0909224,-0.0355877;
-0.10579,-0.0355877,0.160375;
--- GMM Component 3 Para end---

Coefs 4 : 74865 / 218058 = 0.343326

--- GMM Component 4 Para begin---
mean: (31.7205,41.0323,40.3084)

cov:
36.7502,25.3451,29.8655;
25.3451,42.9584,26.4411;
29.8655,26.4411,32.3346;

det: 6295.69

cov inverse:
0.109585,-0.0047413,-0.0973395;
-0.0047413,0.0470729,-0.0341138;
-0.0973395,-0.0341138,0.148729;
--- GMM Component 4 Para end---

Coefs 0 : 47 / 21942 = 0.00214201

--- GMM Component 0 Para begin---
mean: (29.2979,31.4468,33.0426)

cov:
6.42191,3.73925,6.15754;
3.73925,6.92802,6.12992;
6.15754,6.12992,11.3599;

det: 124.871

cov inverse:
0.329345,-0.0378969,-0.158069;
-0.0378969,0.280585,-0.130865;
-0.158069,-0.130865,0.244325;
--- GMM Component 0 Para end---

Coefs 1 : 3225 / 21942 = 0.146978

--- GMM Component 1 Para begin---
mean: (74.2806,69.009,65.4146)

cov:
357.362,377.704,431.028;
377.704,428.723,504.095;
431.028,504.095,645.097;

det: 479234

cov inverse:
0.046858,-0.0550383,0.0116996;
-0.0550383,0.0933738,-0.0361903;
0.0116996,-0.0361903,0.0220129;
--- GMM Component 1 Para end---

Coefs 2 : 188 / 21942 = 0.00856804

--- GMM Component 2 Para begin---
mean: (22.8245,21.9787,20.8723)

cov:
14.8362,7.34733,5.80738;
7.34733,18.1804,12.1622;
5.80738,12.1622,21.2603;

det: 2816.99

cov inverse:
0.0847009,-0.0303785,-0.00575824;
-0.0303785,0.099999,-0.0489074;
-0.00575824,-0.0489074,0.0765869;
--- GMM Component 2 Para end---

Coefs 3 : 454 / 21942 = 0.0206909

--- GMM Component 3 Para begin---
mean: (40.4648,41.7863,39.3062)

cov:
27.5615,24.5751,37.4965;
24.5751,30.3002,42.6073;
37.4965,42.6073,79.9041;

det: 4359.75

cov inverse:
0.138936,-0.0839557,-0.0204307;
-0.0839557,0.182647,-0.0579949;
-0.0204307,-0.0579949,0.0530272;
--- GMM Component 3 Para end---

Coefs 4 : 18028 / 21942 = 0.821621

--- GMM Component 4 Para begin---
mean: (161.938,148.498,142.915)

cov:
1230.99,1231.49,1353.77;
1231.49,1384.34,1607.97;
1353.77,1607.97,1996;

det: 1.59268e+07

cov inverse:
0.0111508,-0.0176581,0.00666234;
-0.0176581,0.0392021,-0.0196044;
0.00666234,-0.0196044,0.0117755;
--- GMM Component 4 Para end---

--- Generate Graph ... ---
--- Maxflow ... ---
=== Max Flow Energy: 1.87263e+06 ===
generateTenColorImage...
generateTenColorImage...
OutputSwitcher Destructed
