read new image: ex3.jpg at D:\Code\C\clionCpp\GrabCut\test_textures\ex3.jpg
Image Size: 600*400

Rect: From (0,0) To (599,399)

initByKmeans bkGMM with 1996 bkSamples
Init RGB: (R:87,G:84,B:69) (R:79,G:63,B:40) (R:67,G:59,B:48) (R:129,G:106,B:90) (R:111,G:101,B:91) 
--- Begin K-Means Iteration ---
{size: 190, mean: (94,80,67.9684)} {size: 71, mean: (83.338,66.3239,44.1549)} {size: 175, mean: (55.6914,47.0343,39.3657)} {size: 1369, mean: (181.825,174.439,152.467)} {size: 191, mean: (110.44,98.267,89.1571)} 
{size: 179, mean: (94.5866,79.6089,68.1955)} {size: 112, mean: (80.1518,66.3125,49.5804)} {size: 141, mean: (51.4326,42.9362,34.4894)} {size: 1011, mean: (198.644,194.181,169.219)} {size: 553, mean: (125.763,111.515,99.4412)} 
{size: 242, mean: (98.4917,83.8512,72.0868)} {size: 139, mean: (78.0216,65.1007,50.4892)} {size: 122, mean: (49.1803,40.8852,32.1311)} {size: 844, mean: (207.584,203.552,178.012)} {size: 649, mean: (135.062,122.633,107.965)} 
--- End   K-Means Iteration ---
initByKmeans frGMM with 238004 frSamples
Init RGB: (R:193,G:181,B:165) (R:26,G:22,B:39) (R:98,G:89,B:72) (R:99,G:83,B:83) (R:60,G:47,B:31) 
--- Begin K-Means Iteration ---
{size: 82542, mean: (195.015,190.105,165.233)} {size: 39995, mean: (20.6818,16.8864,28.7044)} {size: 35323, mean: (97.1417,89.6538,69.5285)} {size: 47110, mean: (117.403,101.302,96.264)} {size: 33034, mean: (63.5678,50.7806,43.6005)} 
{size: 73606, mean: (200.516,195.681,170.429)} {size: 40011, mean: (20.743,16.8482,27.9502)} {size: 36672, mean: (94.1295,80.5002,70.6731)} {size: 49929, mean: (129.559,119.538,104.335)} {size: 37786, mean: (65.5369,52.5524,46.4203)} 
{size: 64996, mean: (205.99,200.908,175.776)} {size: 40570, mean: (21.0812,17.0954,27.9602)} {size: 43976, mean: (95.6821,81.3699,72.6384)} {size: 52901, mean: (136.479,128.438,110.168)} {size: 35561, mean: (65.0936,52.2781,46.0209)} 
--- End   K-Means Iteration ---

--- GMM Component 0 Para begin---
simple size: 242
coefs: 0.121242

mean: (98.4917,83.8512,72.0868)

cov:
81.0929,29.693,19.9904;
29.693,107.639,16.1782;
19.9904,16.1782,100.914;

det: 746848

cov inverse:
0.0141937,-0.00357908,-0.0022379;
-0.00357908,0.0104222,-0.00096186;
-0.0022379,-0.00096186,0.0105069;
--- GMM Component 0 Para end---


--- GMM Component 1 Para begin---
simple size: 139
coefs: 0.0696393

mean: (78.0216,65.1007,50.4892)

cov:
90.6686,29.1849,-11.0465;
29.1849,67.6014,-0.171575;
-11.0465,-0.171575,77.7319;

det: 402094

cov inverse:
0.0130685,-0.00563724,0.00184473;
-0.00563724,0.0172244,-0.000763093;
0.00184473,-0.000763093,0.0131252;
--- GMM Component 1 Para end---


--- GMM Component 2 Para begin---
simple size: 122
coefs: 0.0611222

mean: (49.1803,40.8852,32.1311)

cov:
114.426,67.3732,85.5173;
67.3732,102.577,67.638;
85.5173,67.638,157.934;

det: 642612

cov inverse:
0.0180909,-0.00755707,-0.00655936;
-0.00755707,0.0167419,-0.00307807;
-0.00655936,-0.00307807,0.0112018;
--- GMM Component 2 Para end---


--- GMM Component 3 Para begin---
simple size: 844
coefs: 0.422846

mean: (207.584,203.552,178.012)

cov:
957.212,951.196,946.655;
951.196,1113.12,927.465;
946.655,927.465,1227.09;

det: 4.65807e+07

cov inverse:
0.0108566,-0.00620897,-0.00368257;
-0.00620897,0.00597744,0.000272098;
-0.00368257,0.000272098,0.00345024;
--- GMM Component 3 Para end---


--- GMM Component 4 Para begin---
simple size: 649
coefs: 0.32515

mean: (135.062,122.633,107.965)

cov:
253.984,227.175,168.78;
227.175,381.844,178.218;
168.78,178.218,243.772;

det: 5.78309e+06

cov inverse:
0.0106035,-0.0043747,-0.00414328;
-0.0043747,0.0057802,-0.00119691;
-0.00414328,-0.00119691,0.00784591;
--- GMM Component 4 Para end---


--- GMM Component 0 Para begin---
simple size: 64996
coefs: 0.273088

mean: (205.99,200.908,175.776)

cov:
816.137,696.298,826.942;
696.298,864.115,713.034;
826.942,713.034,1191.78;

det: 7.79542e+07

cov inverse:
0.00668882,-0.00308129,-0.00279765;
-0.00308129,0.00370508,-7.87067e-05;
-0.00279765,-7.87067e-05,0.00282737;
--- GMM Component 0 Para end---


--- GMM Component 1 Para begin---
simple size: 40570
coefs: 0.170459

mean: (21.0812,17.0954,27.9602)

cov:
73.5832,49.3219,29.178;
49.3219,47.5081,31.9802;
29.178,31.9802,75.5342;

det: 56648.3

cov inverse:
0.0452927,-0.0492931,0.00337398;
-0.0492931,0.0830862,-0.0161362;
0.00337398,-0.0161362,0.0187676;
--- GMM Component 1 Para end---


--- GMM Component 2 Para begin---
simple size: 43976
coefs: 0.18477

mean: (95.6821,81.3699,72.6384)

cov:
120.14,56.7535,57.2321;
56.7535,142.394,50.7089;
57.2321,50.7089,126.625;

det: 1.31244e+06

cov inverse:
0.0117791,-0.00326434,-0.00401665;
-0.00326434,0.00909551,-0.00216701;
-0.00401665,-0.00216701,0.0105806;
--- GMM Component 2 Para end---


--- GMM Component 3 Para begin---
simple size: 52901
coefs: 0.222269

mean: (136.479,128.438,110.168)

cov:
292.917,225.841,191.819;
225.841,455.989,160.365;
191.819,160.365,294.876;

det: 1.39291e+07

cov inverse:
0.00780687,-0.00257259,-0.00367936;
-0.00257259,0.00355942,-0.000262255;
-0.00367936,-0.000262255,0.00592734;
--- GMM Component 3 Para end---


--- GMM Component 4 Para begin---
simple size: 35561
coefs: 0.149413

mean: (65.0936,52.2781,46.0209)

cov:
124.587,74.7635,44.0422;
74.7635,99.3357,40.8887;
44.0422,40.8887,123.799;

det: 708433

cov inverse:
0.0149989,-0.010523,-0.00186041;
-0.010523,0.0190335,-0.00254285;
-0.00186041,-0.00254285,0.00957934;
--- GMM Component 4 Para end---


--- INIT GMM COMPLETE ---

===== GMM INIT DURATION: 15ms =====
Beta: 0.000184789

------------ Start Train 1------------


--- GMM Component 0 Para begin---
simple size: 237
coefs: 0.118737

mean: (98.1814,83.6498,71.8565)

cov:
77.5325,29.5235,17.5703;
29.5235,104.827,19.8865;
17.5703,19.8865,97.2874;

det: 663510

cov inverse:
0.0147742,-0.00380228,-0.00189104;
-0.00380228,0.010903,-0.00154197;
-0.00189104,-0.00154197,0.0109355;
--- GMM Component 0 Para end---


--- GMM Component 1 Para begin---
simple size: 140
coefs: 0.0701403

mean: (77.8786,64.7,50.2857)

cov:
89.6495,30.7279,-11.6082;
30.7279,63.5957,5.42143;
-11.6082,5.42143,85.2327;

det: 390390

cov inverse:
0.0138094,-0.00686992,0.00231773;
-0.00686992,0.0192277,-0.00215867;
0.00231773,-0.00215867,0.0121856;
--- GMM Component 1 Para end---


--- GMM Component 2 Para begin---
simple size: 120
coefs: 0.0601202

mean: (48.775,40.75,32.1417)

cov:
106.308,65.1187,87.2819;
65.1187,102.904,69.4854;
87.2819,69.4854,159.055;

det: 558170

cov inverse:
0.0206733,-0.00769056,-0.00798478;
-0.00769056,0.0166448,-0.00305131;
-0.00798478,-0.00305131,0.0120018;
--- GMM Component 2 Para end---


--- GMM Component 3 Para begin---
simple size: 857
coefs: 0.429359

mean: (206.439,202.797,176.071)

cov:
1033.37,1000.16,1071.92;
1000.16,1140.48,1011.85;
1071.92,1011.85,1419.42;

det: 5.41254e+07

cov inverse:
0.0109923,-0.00618967,-0.00388877;
-0.00618967,0.00587107,0.000489031;
-0.00388877,0.000489031,0.00329263;
--- GMM Component 3 Para end---


--- GMM Component 4 Para begin---
simple size: 642
coefs: 0.321643

mean: (134.88,121.723,108.838)

cov:
256.402,227.708,182.92;
227.708,366.179,220.105;
182.92,220.105,235.151;

det: 3.54712e+06

cov inverse:
0.0106174,-0.00374512,-0.00475363;
-0.00374512,0.00756486,-0.00416755;
-0.00475363,-0.00416755,0.0118512;
--- GMM Component 4 Para end---


--- GMM Component 0 Para begin---
simple size: 66151
coefs: 0.277941

mean: (205.132,200.266,174.236)

cov:
851.868,718.397,895.464;
718.397,879.895,755.417;
895.464,755.417,1308.3;

det: 8.56829e+07

cov inverse:
0.00677517,-0.00307453,-0.002862;
-0.00307453,0.00364889,-2.52745e-06;
-0.002862,-2.52745e-06,0.00272469;
--- GMM Component 0 Para end---


--- GMM Component 1 Para begin---
simple size: 38774
coefs: 0.162913

mean: (20.0627,16.495,28.342)

cov:
51.3361,37.8603,39.2151;
37.8603,37.7667,40.1326;
39.2151,40.1326,72.4385;

det: 15017.5

cov inverse:
0.0749217,-0.0778251,0.00255749;
-0.0778251,0.145223,-0.0383257;
0.00255749,-0.0383257,0.0336537;
--- GMM Component 1 Para end---


--- GMM Component 2 Para begin---
simple size: 44025
coefs: 0.184976

mean: (95.818,81.237,72.8233)

cov:
131.149,60.2087,71.6124;
60.2087,126.841,61.6428;
71.6124,61.6428,126.584;

det: 1.02959e+06

cov inverse:
0.0119039,-0.00311487,-0.00521756;
-0.00311487,0.0111432,-0.00366427;
-0.00521756,-0.00366427,0.0126361;
--- GMM Component 2 Para end---


--- GMM Component 3 Para begin---
simple size: 51797
coefs: 0.217631

mean: (135.705,127.752,110.332)

cov:
300.528,213.736,213.816;
213.736,429.295,184.13;
213.816,184.13,313.006;

det: 1.30978e+07

cov inverse:
0.00767062,-0.00210194,-0.00400334;
-0.00210194,0.00369146,-0.000735712;
-0.00400334,-0.000735712,0.00636232;
--- GMM Component 3 Para end---


--- GMM Component 4 Para begin---
simple size: 37257
coefs: 0.156539

mean: (64.178,51.0679,44.8833)

cov:
145.272,98.4789,70.0268;
98.4789,112.715,65.6875;
70.0268,65.6875,156.476;

det: 771091

cov inverse:
0.0172772,-0.0140188,-0.001847;
-0.0140188,0.0231203,-0.00343198;
-0.001847,-0.00343198,0.00865803;
--- GMM Component 4 Para end---

  === GMM Dispatch and Learn DURATION: 62ms ===
--- Generate Graph ... ---
  === GMM GenerateGraph TRAIN DURATION: 187ms ===
--- Maxflow ... ---
$$$ Max Flow Energy: 2.51611e+06 $$$
  === GMM MaxFlow DURATION: 978ms ===

------------ Start Train 2------------


--- GMM Component 0 Para begin---
simple size: 31578
coefs: 0.164843

mean: (95.7723,81.8359,72.5836)

cov:
74.7078,23.201,24.8607;
23.201,113.274,22.2097;
24.8607,22.2097,71.7365;

det: 487211

cov inverse:
0.0156659,-0.00228282,-0.00472235;
-0.00228282,0.00973135,-0.00222172;
-0.00472235,-0.00222172,0.0162643;
--- GMM Component 0 Para end---


--- GMM Component 1 Para begin---
simple size: 23568
coefs: 0.123029

mean: (76.1433,62.1366,52.6858)

cov:
58.1419,17.6142,10.8233;
17.6142,55.4772,13.6035;
10.8233,13.6035,74.1023;

det: 203958

cov inverse:
0.0192487,-0.00567771,-0.00176916;
-0.00567771,0.0205498,-0.00294319;
-0.00176916,-0.00294319,0.0142936;
--- GMM Component 1 Para end---


--- GMM Component 2 Para begin---
simple size: 18080
coefs: 0.094381

mean: (53.7561,42.336,34.9159)

cov:
90.6446,62.7157,71.1761;
62.7157,88.7639,69.2308;
71.1761,69.2308,139.856;

det: 309126

cov inverse:
0.0246541,-0.0124337,-0.00639225;
-0.0124337,0.0246214,-0.00586018;
-0.00639225,-0.00586018,0.0133043;
--- GMM Component 2 Para end---


--- GMM Component 3 Para begin---
simple size: 69606
coefs: 0.363356

mean: (198.272,195.774,165.834)

cov:
1096.12,896.199,1154.83;
896.199,982.438,932.539;
1154.83,932.539,1525.1;

det: 8.4263e+07

cov inverse:
0.00746101,-0.00344001,-0.00354619;
-0.00344001,0.00401192,0.000151712;
-0.00354619,0.000151712,0.00324817;
--- GMM Component 3 Para end---


--- GMM Component 4 Para begin---
simple size: 48732
coefs: 0.25439

mean: (131.913,121.211,108.274)

cov:
287.773,233.293,225.08;
233.293,395.545,248.032;
225.08,248.032,273.167;

det: 4.53218e+06

cov inverse:
0.0102665,-0.00174331,-0.00687635;
-0.00174331,0.00616682,-0.00416298;
-0.00687635,-0.00416298,0.0131066;
--- GMM Component 4 Para end---


--- GMM Component 0 Para begin---
simple size: 4026
coefs: 0.08312

mean: (222.567,201.879,209.898)

cov:
966.029,1019.55,800.516;
1019.55,1347.02,1211.62;
800.516,1211.62,1366.21;

det: 5.40505e+07

cov inverse:
0.00688761,-0.00782588,0.00290467;
-0.00782588,0.0125618,-0.00655498;
0.00290467,-0.00655498,0.00484328;
--- GMM Component 0 Para end---


--- GMM Component 1 Para begin---
simple size: 36891
coefs: 0.761644

mean: (19.4263,16.2628,28.7487)

cov:
41.4885,33.3815,43.8961;
33.3815,33.808,41.693;
43.8961,41.693,62.2027;

det: 2857.93

cov inverse:
0.12759,-0.086166,-0.0322842;
-0.086166,0.228777,-0.0925369;
-0.0322842,-0.0925369,0.100885;
--- GMM Component 1 Para end---


--- GMM Component 2 Para begin---
simple size: 1265
coefs: 0.0261169

mean: (97.0261,73.298,75.2269)

cov:
236.489,27.0389,-28.3601;
27.0389,151.378,124.602;
-28.3601,124.602,260.893;

det: 5.16451e+06

cov inverse:
0.00464085,-0.00205014,0.00148362;
-0.00205014,0.0117909,-0.00585414;
0.00148362,-0.00585414,0.00679018;
--- GMM Component 2 Para end---


--- GMM Component 3 Para begin---
simple size: 2432
coefs: 0.0502106

mean: (138.352,109.027,111.761)

cov:
593.044,253.825,-1.61935;
253.825,345.194,235.182;
-1.61935,235.182,447.886;

det: 2.98373e+07

cov inverse:
0.00332795,-0.00382291,0.00201942;
-0.00382291,0.00890206,-0.00468823;
0.00201942,-0.00468823,0.00470177;
--- GMM Component 3 Para end---


--- GMM Component 4 Para begin---
simple size: 3822
coefs: 0.0789083

mean: (51.7444,39.4594,54.8394)

cov:
206.355,164.051,137.571;
164.051,218.291,188.128;
137.571,188.128,321.827;

det: 2.89252e+06

cov inverse:
0.0120518,-0.0093051,0.000287676;
-0.0093051,0.0164164,-0.0056188;
0.000287676,-0.0056188,0.00626882;
--- GMM Component 4 Para end---

  === GMM Dispatch and Learn DURATION: 78ms ===
--- Generate Graph ... ---
  === GMM GenerateGraph TRAIN DURATION: 203ms ===
--- Maxflow ... ---
$$$ Max Flow Energy: 2.39309e+06 $$$
  === GMM MaxFlow DURATION: 62ms ===

------------ Start Train 3------------


--- GMM Component 0 Para begin---
simple size: 31258
coefs: 0.165427

mean: (95.9293,81.6582,72.7357)

cov:
79.0136,21.0077,28.9712;
21.0077,94.4694,22.4877;
28.9712,22.4877,72.297;

det: 415870

cov inverse:
0.015207,-0.0020855,-0.00544516;
-0.0020855,0.0117179,-0.0028091;
-0.00544516,-0.0028091,0.0168876;
--- GMM Component 0 Para end---


--- GMM Component 1 Para begin---
simple size: 23144
coefs: 0.122485

mean: (76.5061,62.1365,53.0801)

cov:
58.9898,15.6843,12.8519;
15.6843,47.1927,11.319;
12.8519,11.319,72.5921;

det: 173441

cov inverse:
0.0190133,-0.00572579,-0.00247337;
-0.00572579,0.0237373,-0.00268754;
-0.00247337,-0.00268754,0.0146326;
--- GMM Component 1 Para end---


--- GMM Component 2 Para begin---
simple size: 18394
coefs: 0.0973464

mean: (54.2191,42.6251,35.1911)

cov:
91.5102,63.4736,70.2404;
63.4736,77.576,67.956;
70.2404,67.956,137.68;

det: 223309

cov inverse:
0.0271492,-0.0177592,-0.00508515;
-0.0177592,0.0343265,-0.0078826;
-0.00508515,-0.0078826,0.0137482;
--- GMM Component 2 Para end---


--- GMM Component 3 Para begin---
simple size: 69119
coefs: 0.365798

mean: (194.964,192.911,161.331)

cov:
1131.14,903.53,1136.34;
903.53,973.1,896.032;
1136.34,896.032,1418.7;

det: 7.86474e+07

cov inverse:
0.00734499,-0.00335218,-0.00376595;
-0.00335218,0.00398583,0.000167612;
-0.00376595,0.000167612,0.00361544;
--- GMM Component 3 Para end---


--- GMM Component 4 Para begin---
simple size: 47039
coefs: 0.248944

mean: (131.354,120.382,108.132)

cov:
286.09,215.717,229.25;
215.717,349.854,237.018;
229.25,237.018,278.858;

det: 3.91845e+06

cov inverse:
0.0105608,-0.00148479,-0.00742001;
-0.00148479,0.00694741,-0.00468438;
-0.00742001,-0.00468438,0.0136676;
--- GMM Component 4 Para end---


--- GMM Component 0 Para begin---
simple size: 6394
coefs: 0.12526

mean: (230.943,215.881,223.206)

cov:
901.407,1064.45,838.37;
1064.45,1467.49,1270.28;
838.37,1270.28,1279.97;

det: 2.4112e+07

cov inverse:
0.0109797,-0.0123387,0.00505364;
-0.0123387,0.0187007,-0.0104773;
0.00505364,-0.0104773,0.00786913;
--- GMM Component 0 Para end---


--- GMM Component 1 Para begin---
simple size: 35735
coefs: 0.700055

mean: (19.2033,16.2752,28.6834)

cov:
37.8064,31.1635,41.5723;
31.1635,30.7316,39.1776;
41.5723,39.1776,57.1704;

det: 1273.32

cov inverse:
0.17439,-0.120104,-0.0445057;
-0.120104,0.340177,-0.145781;
-0.0445057,-0.145781,0.149755;
--- GMM Component 1 Para end---


--- GMM Component 2 Para begin---
simple size: 1237
coefs: 0.024233

mean: (96.3581,70.5732,72.1584)

cov:
196.164,5.31859,-21.2055;
5.31859,211.709,188.993;
-21.2055,188.993,334.971;

det: 6.75727e+06

cov inverse:
0.00520892,-0.000856746,0.000813136;
-0.000856746,0.00965766,-0.00550317;
0.000813136,-0.00550317,0.00614174;
--- GMM Component 2 Para end---


--- GMM Component 3 Para begin---
simple size: 2501
coefs: 0.048995

mean: (138.981,108.851,111.745)

cov:
548.579,241.157,-9.89534;
241.157,334.089,246.924;
-9.89534,246.924,456.937;

det: 2.25118e+07

cov inverse:
0.0040728,-0.00500347,0.00279202;
-0.00500347,0.0111305,-0.00612317;
0.00279202,-0.00612317,0.00555785;
--- GMM Component 3 Para end---


--- GMM Component 4 Para begin---
simple size: 5179
coefs: 0.101458

mean: (46.1543,34.152,49.993)

cov:
297.257,268.156,271.301;
268.156,324.05,315.637;
271.301,315.637,449.285;

det: 3.43048e+06

cov inverse:
0.0133987,-0.0101577,-0.000954697;
-0.0101577,0.0174753,-0.00614331;
-0.000954697,-0.00614331,0.00711813;
--- GMM Component 4 Para end---

  === GMM Dispatch and Learn DURATION: 62ms ===
--- Generate Graph ... ---
  === GMM GenerateGraph TRAIN DURATION: 197ms ===
--- Maxflow ... ---
$$$ Max Flow Energy: 2.38068e+06 $$$
  === GMM MaxFlow DURATION: 31ms ===
===== GMM TRAIN DURATION: 1864ms =====
===== GMM TOTAL DURATION: 1879ms =====
generateTenColorImage...
generateHandledImage...
Advance: Begin Dragging Right 3 92
Advance: End   Dragging Right 3 92
Advance: Begin Dragging Right 0 546
Advance: End   Dragging Right 0 546
OutputSwitcher Destructed
