read new image: ex3.jpg at D:\Code\C\clionCpp\GrabCut\test_textures\ex3.jpg
Image Size: 600*400
--------------- initGrabCut ---------------

Rect: From (60,62) To (592,294)

initByKmeans bkGMM with 117339 bkSamples
Init RGB: (R:104,G:103,B:72) (R:201,G:171,B:160) (R:137,G:150,B:120) (R:74,G:53,B:50) (R:117,G:97,B:64) 
--- Begin K-Means Iteration ---
{size: 28711, mean: (106.901,94.8474,84.1636)} {size: 28089, mean: (203.216,200.166,169.82)} {size: 24174, mean: (145.965,140.142,119.215)} {size: 32130, mean: (69.0569,56.0045,45.4274)} {size: 4235, mean: (113.244,92.2253,72.6574)} 
{size: 23894, mean: (109.629,97.6643,88.4681)} {size: 25153, mean: (206.816,204.557,172.801)} {size: 26896, mean: (149.088,142.846,121.937)} {size: 30692, mean: (67.994,55.3096,44.4088)} {size: 10704, mean: (101.462,84.5511,68.457)} 
{size: 21494, mean: (116.719,104.017,92.3908)} {size: 23524, mean: (208.981,206.759,174.679)} {size: 26420, mean: (152.323,146.699,124.853)} {size: 26413, mean: (65.1664,52.6033,41.6669)} {size: 19488, mean: (94.1033,79.9812,68.8388)} 
{size: 23372, mean: (119.671,107.109,94.6242)} {size: 22201, mean: (210.783,208.542,176.315)} {size: 24700, mean: (156.142,151.339,128.285)} {size: 23255, mean: (63.0077,50.5469,39.483)} {size: 23811, mean: (92.6385,78.816,68.1605)} 
{size: 24708, mean: (121.424,109.132,96.2621)} {size: 20767, mean: (212.794,210.564,178.104)} {size: 24120, mean: (159.324,155.04,131.079)} {size: 21844, mean: (62.0088,49.5964,38.4722)} {size: 25900, mean: (92.1879,78.4264,67.821)} 
{size: 25585, mean: (122.847,110.781,97.6308)} {size: 19489, mean: (214.634,212.421,179.78)} {size: 23880, mean: (161.972,158.08,133.353)} {size: 21189, mean: (61.5183,49.1549,38.0001)} {size: 27196, mean: (92.1782,78.4201,67.8199)} 
{size: 26145, mean: (124.081,112.186,98.7907)} {size: 18424, mean: (216.218,214.018,181.24)} {size: 23753, mean: (164.118,160.56,135.216)} {size: 20940, mean: (61.3289,48.9862,37.8191)} {size: 28077, mean: (92.3919,78.6289,68.0246)} 
{size: 26559, mean: (125.158,113.491,99.7943)} {size: 17569, mean: (217.526,215.349,182.429)} {size: 23595, mean: (165.946,162.562,136.824)} {size: 20942, mean: (61.3297,48.9887,37.8202)} {size: 28674, mean: (92.7201,78.9624,68.3464)} 
{size: 26741, mean: (126.062,114.605,100.635)} {size: 16903, mean: (218.589,216.369,183.398)} {size: 23491, mean: (167.36,164.124,138.066)} {size: 21075, mean: (61.4142,49.0846,37.9292)} {size: 29129, mean: (93.1275,79.3563,68.7279)} 
{size: 26824, mean: (126.887,115.557,101.41)} {size: 16357, mean: (219.467,217.21,184.231)} {size: 23396, mean: (168.532,165.455,139.055)} {size: 21224, mean: (61.5339,49.1886,38.0269)} {size: 29538, mean: (93.5035,79.7557,69.1172)} 
--- End   K-Means Iteration ---
initByKmeans frGMM with 122661 frSamples
Init RGB: (R:74,G:73,B:68) (R:180,G:147,B:142) (R:196,G:209,B:163) (R:109,G:84,B:80) (R:255,G:242,B:228) 
--- Begin K-Means Iteration ---
{size: 59254, mean: (37.9739,30.9614,38.5628)} {size: 19430, mean: (162.212,154.499,133.095)} {size: 15708, mean: (203.892,200.392,168.682)} {size: 16988, mean: (112.379,99.9096,89.1679)} {size: 11281, mean: (245.694,236.191,230.076)} 
{size: 51734, mean: (31.0856,25.1071,34.4865)} {size: 18255, mean: (160.451,155.493,130.968)} {size: 16623, mean: (204.419,197.698,169.616)} {size: 24844, mean: (104.6,91.4342,82.7247)} {size: 11205, mean: (245.554,236.559,230.368)} 
{size: 48299, mean: (27.9045,22.6235,32.8274)} {size: 19352, mean: (157.947,153.311,128.531)} {size: 16961, mean: (204.013,196.821,169.488)} {size: 26820, mean: (99.3214,85.403,78.2452)} {size: 11229, mean: (245.522,236.677,230.198)} 
{size: 46638, mean: (26.4673,21.4709,32.0476)} {size: 19994, mean: (155.376,150.712,126.181)} {size: 17532, mean: (203.101,195.82,168.769)} {size: 27196, mean: (95.9718,81.7726,75.6101)} {size: 11301, mean: (245.43,236.642,229.919)} 
{size: 45692, mean: (25.6715,20.8508,31.622)} {size: 20223, mean: (153.14,148.372,124.237)} {size: 18103, mean: (201.981,194.712,167.77)} {size: 27192, mean: (93.8137,79.4461,73.8916)} {size: 11451, mean: (245.219,236.448,229.433)} 
{size: 45089, mean: (25.1768,20.4578,31.3663)} {size: 20250, mean: (151.195,146.275,122.514)} {size: 18639, mean: (200.79,193.568,166.72)} {size: 27044, mean: (92.255,77.8082,72.6623)} {size: 11639, mean: (244.954,236.218,228.818)} 
{size: 44593, mean: (24.7781,20.1402,31.1534)} {size: 20166, mean: (149.489,144.466,121.069)} {size: 19125, mean: (199.684,192.485,165.719)} {size: 26948, mean: (91.0176,76.522,71.663)} {size: 11829, mean: (244.668,235.96,228.228)} 
{size: 44201, mean: (24.4587,19.8951,30.9924)} {size: 20067, mean: (147.946,142.835,119.7)} {size: 19554, mean: (198.605,191.494,164.778)} {size: 26814, mean: (89.9967,75.403,70.8518)} {size: 12025, mean: (244.388,235.676,227.622)} 
{size: 43767, mean: (24.1093,19.6252,30.8152)} {size: 19938, mean: (146.611,141.391,118.545)} {size: 19910, mean: (197.613,190.581,163.88)} {size: 26815, mean: (89.0244,74.404,70.0768)} {size: 12231, mean: (244.084,235.334,227.027)} 
{size: 43505, mean: (23.9019,19.459,30.7125)} {size: 19798, mean: (145.339,140.045,117.455)} {size: 20251, mean: (196.688,189.69,163.036)} {size: 26681, mean: (88.2894,73.6323,69.4888)} {size: 12426, mean: (243.79,235.057,226.442)} 
--- End   K-Means Iteration ---

--- GMM Component 0 Para begin---
simple size: 26824
coefs: 0.228603

mean: (126.887,115.557,101.41)

cov:
152.639,91.166,95.9035;
91.166,217.406,75.0297;
95.9035,75.0297,158.204;

det: 2.38821e+06

cov inverse:
0.0120446,-0.0030262,-0.00586626;
-0.0030262,0.00626021,-0.00113447;
-0.00586626,-0.00113447,0.0104151;
--- GMM Component 0 Para end---


--- GMM Component 1 Para begin---
simple size: 16357
coefs: 0.1394

mean: (219.467,217.21,184.231)

cov:
376.364,313.354,327.943;
313.354,436.265,250.087;
327.943,250.087,555.515;

det: 1.7607e+07

cov inverse:
0.0102123,-0.00522851,-0.00367491;
-0.00522851,0.00576639,0.000490631;
-0.00367491,0.000490631,0.00374871;
--- GMM Component 1 Para end---


--- GMM Component 2 Para begin---
simple size: 23396
coefs: 0.199388

mean: (168.532,165.455,139.055)

cov:
226.338,163.477,146.294;
163.477,318.865,69.5577;
146.294,69.5577,262.003;

det: 7.31476e+06

cov inverse:
0.0107598,-0.00446434,-0.00482271;
-0.00446434,0.0051812,0.00111721;
-0.00482271,0.00111721,0.00621299;
--- GMM Component 2 Para end---


--- GMM Component 3 Para begin---
simple size: 21224
coefs: 0.180878

mean: (61.5339,49.1886,38.0269)

cov:
157.992,120.538,110.423;
120.538,136.655,109.81;
110.423,109.81,163.398;

det: 505566

cov inverse:
0.0203159,-0.0149738,-0.0036663;
-0.0149738,0.026945,-0.00798902;
-0.0036663,-0.00798902,0.0139666;
--- GMM Component 3 Para end---


--- GMM Component 4 Para begin---
simple size: 29538
coefs: 0.251732

mean: (93.5035,79.7557,69.1172)

cov:
118.289,67.8175,66.1772;
67.8175,119.232,63.9877;
66.1772,63.9877,121.374;

det: 721473

cov inverse:
0.0143834,-0.00553975,-0.00492179;
-0.00553975,0.0138298,-0.00427052;
-0.00492179,-0.00427052,0.0131739;
--- GMM Component 4 Para end---


--- GMM Component 0 Para begin---
simple size: 43505
coefs: 0.354677

mean: (23.9019,19.459,30.7125)

cov:
162.257,118.433,91.9205;
118.433,103.934,76.5402;
91.9205,76.5402,93.4281;

det: 102875

cov inverse:
0.0374436,-0.0391675,-0.0047517;
-0.0391675,0.0652252,-0.0148998;
-0.0047517,-0.0148998,0.027585;
--- GMM Component 0 Para end---


--- GMM Component 1 Para begin---
simple size: 19798
coefs: 0.161404

mean: (145.339,140.045,117.455)

cov:
340.775,197.983,193.796;
197.983,483.519,99.5398;
193.796,99.5398,366.239;

det: 3.20925e+07

cov inverse:
0.00520918,-0.00165829,-0.00230574;
-0.00165829,0.00271865,0.000138588;
-0.00230574,0.000138588,0.00391287;
--- GMM Component 1 Para end---


--- GMM Component 2 Para begin---
simple size: 20251
coefs: 0.165097

mean: (196.688,189.69,163.036)

cov:
312.006,157.858,167.399;
157.858,423.875,48.7764;
167.399,48.7764,343.086;

det: 2.67819e+07

cov inverse:
0.00534116,-0.00171734,-0.00236191;
-0.00171734,0.0029506,0.000418442;
-0.00236191,0.000418442,0.00400766;
--- GMM Component 2 Para end---


--- GMM Component 3 Para begin---
simple size: 26681
coefs: 0.217518

mean: (88.2894,73.6323,69.4888)

cov:
306.983,223.308,188.814;
223.308,343.102,179.957;
188.814,179.957,252.11;

det: 6.98399e+06

cov inverse:
0.00774845,-0.00319586,-0.00352188;
-0.00319586,0.00597691,-0.00187284;
-0.00352188,-0.00187284,0.00794102;
--- GMM Component 3 Para end---


--- GMM Component 4 Para begin---
simple size: 12426
coefs: 0.101304

mean: (243.79,235.057,226.442)

cov:
159.245,116.484,145.562;
116.484,312.005,168.691;
145.562,168.691,606.479;

det: 1.64822e+07

cov inverse:
0.00975403,-0.00279635,-0.00156328;
-0.00279635,0.00457407,-0.000601112;
-0.00156328,-0.000601112,0.00219127;
--- GMM Component 4 Para end---


--- INIT GMM COMPLETE ---

===== GMM INIT DURATION: 34ms =====
Beta: 0.000184789

------------ Start Train 1------------


--- GMM Component 0 Para begin---
simple size: 26537
coefs: 0.226157

mean: (126.791,115.34,101.577)

cov:
167.386,86.4145,111.815;
86.4145,190.429,81.9763;
111.815,81.9763,166.694;

det: 2.1471e+06

cov inverse:
0.0116544,-0.00243986,-0.00661767;
-0.00243986,0.00717236,-0.0018906;
-0.00661767,-0.0018906,0.0113678;
--- GMM Component 0 Para end---


--- GMM Component 1 Para begin---
simple size: 16182
coefs: 0.137908

mean: (219.784,217.684,184.093)

cov:
370.376,304.741,333.521;
304.741,422.716,250.022;
333.521,250.022,580.412;

det: 1.76196e+07

cov inverse:
0.010377,-0.00530591,-0.00367732;
-0.00530591,0.00588743,0.00051282;
-0.00367732,0.00051282,0.0036151;
--- GMM Component 1 Para end---


--- GMM Component 2 Para begin---
simple size: 23778
coefs: 0.202644

mean: (168.254,165.621,138.81)

cov:
243.49,162.67,178.348;
162.67,306.396,79.6143;
178.348,79.6143,309.892;

det: 8.24939e+06

cov inverse:
0.0107415,-0.00438954,-0.00505424;
-0.00438954,0.005291,0.00116695;
-0.00505424,0.00116695,0.00583593;
--- GMM Component 2 Para end---


--- GMM Component 3 Para begin---
simple size: 21565
coefs: 0.183784

mean: (62.0523,49.2786,38.3938)

cov:
163.692,126.751,115.931;
126.751,131.553,112.418;
115.931,112.418,167.219;

det: 381447

cov inverse:
0.0245389,-0.0213987,-0.00262653;
-0.0213987,0.0365251,-0.00971971;
-0.00262653,-0.00971971,0.0143355;
--- GMM Component 3 Para end---


--- GMM Component 4 Para begin---
simple size: 29277
coefs: 0.249508

mean: (93.7325,79.8993,69.4254)

cov:
130.094,68.2264,74.3098;
68.2264,106.719,64.1911;
74.3098,64.1911,125.416;

det: 682957

cov inverse:
0.0135643,-0.0055445,-0.00519909;
-0.0055445,0.0158047,-0.00480407;
-0.00519909,-0.00480407,0.0135128;
--- GMM Component 4 Para end---


--- GMM Component 0 Para begin---
simple size: 41838
coefs: 0.341086

mean: (22.7906,18.7127,30.3863)

cov:
131.629,100.102,84.7511;
100.102,85.4189,72.2121;
84.7511,72.2121,85.8163;

det: 30297.1

cov inverse:
0.0698332,-0.0815364,-0.00035573;
-0.0815364,0.135762,-0.0337155;
-0.00035573,-0.0337155,0.0403748;
--- GMM Component 0 Para end---


--- GMM Component 1 Para begin---
simple size: 19846
coefs: 0.161796

mean: (144.165,139.816,116.088)

cov:
373.148,209.089,221.042;
209.089,492.224,105.312;
221.042,105.312,409.65;

det: 3.88786e+07

cov inverse:
0.00490114,-0.00160436,-0.00223215;
-0.00160436,0.00267501,0.000178005;
-0.00223215,0.000178005,0.00359978;
--- GMM Component 1 Para end---


--- GMM Component 2 Para begin---
simple size: 20869
coefs: 0.170136

mean: (196.94,189.898,163.478)

cov:
323.27,180.872,173.664;
180.872,462.849,65.06;
173.664,65.06,352.367;

det: 2.99551e+07

cov inverse:
0.00530326,-0.00175044,-0.00229051;
-0.00175044,0.00279587,0.000346482;
-0.00229051,0.000346482,0.00390286;
--- GMM Component 2 Para end---


--- GMM Component 3 Para begin---
simple size: 28075
coefs: 0.228883

mean: (86.1537,70.9958,67.8643)

cov:
376.255,283.895,254.126;
283.895,372.802,242.79;
254.126,242.79,302.256;

det: 6.81387e+06

cov inverse:
0.00788603,-0.00353831,-0.0037881;
-0.00353831,0.00721257,-0.00281869;
-0.0037881,-0.00281869,0.0087575;
--- GMM Component 3 Para end---


--- GMM Component 4 Para begin---
simple size: 12033
coefs: 0.0980996

mean: (244.5,235.362,227.614)

cov:
143.252,112.861,127.741;
112.861,302.92,174.138;
127.741,174.138,572.756;

det: 1.32926e+07

cov inverse:
0.010771,-0.00318956,-0.0014325;
-0.00318956,0.00494489,-0.000792059;
-0.0014325,-0.000792059,0.00230625;
--- GMM Component 4 Para end---

  === GMM Dispatch and Learn DURATION: 59ms ===
--- Generate Graph ... ---
  === GMM GenerateGraph DURATION: 116ms ===
--- Maxflow ... ---
$$$ Max Flow Energy: 1.26647e+06 $$$
  === GMM MaxFlow DURATION: 187ms ===

------------ Start Train 2------------


--- GMM Component 0 Para begin---
simple size: 37092
coefs: 0.200899

mean: (125.711,115.925,101.525)

cov:
209.473,81.5155,149.681;
81.5155,187.097,78.1808;
149.681,78.1808,207.912;

det: 3.20261e+06

cov inverse:
0.0102378,-0.00163801,-0.00675446;
-0.00163801,0.00660328,-0.00130377;
-0.00675446,-0.00130377,0.0101627;
--- GMM Component 0 Para end---


--- GMM Component 1 Para begin---
simple size: 30641
coefs: 0.165959

mean: (221.401,218.733,187.167)

cov:
378.25,284.735,397.719;
284.735,435.959,292.316;
397.719,292.316,767.769;

det: 2.92854e+07

cov inverse:
0.00851166,-0.00349496,-0.00307855;
-0.00349496,0.00451516,9.13766e-05;
-0.00307855,9.13766e-05,0.00286243;
--- GMM Component 1 Para end---


--- GMM Component 2 Para begin---
simple size: 42211
coefs: 0.228625

mean: (168.443,166.329,138.073)

cov:
307.151,158.166,247.066;
158.166,298.255,91.0605;
247.066,91.0605,406.59;

det: 1.34399e+07

cov inverse:
0.00840597,-0.00311095,-0.00441119;
-0.00311095,0.00475025,0.000826512;
-0.00441119,0.000826512,0.00495485;
--- GMM Component 2 Para end---


--- GMM Component 3 Para begin---
simple size: 31512
coefs: 0.170676

mean: (62.3572,49.0816,41.2442)

cov:
156.813,115.537,107.164;
115.537,113.054,94.9183;
107.164,94.9183,155.675;

det: 321111

cov inverse:
0.0267515,-0.0243353,-0.00357748;
-0.0243353,0.0402597,-0.00779524;
-0.00357748,-0.00779524,0.0136392;
--- GMM Component 3 Para end---


--- GMM Component 4 Para begin---
simple size: 43174
coefs: 0.233841

mean: (93.1009,78.4457,69.903)

cov:
145.249,66.145,89.4154;
66.145,107.149,62.3282;
89.4154,62.3282,131.976;

det: 792894

cov inverse:
0.0129352,-0.00398091,-0.00688371;
-0.00398091,0.014093,-0.00395858;
-0.00688371,-0.00395858,0.0141105;
--- GMM Component 4 Para end---


--- GMM Component 0 Para begin---
simple size: 37886
coefs: 0.684233

mean: (20.1616,16.8788,29.3856)

cov:
59.0999,47.3987,58.1777;
47.3987,44.8359,52.9604;
58.1777,52.9604,73.9724;

det: 4387.12

cov inverse:
0.116663,-0.0968931,-0.0223827;
-0.0968931,0.225003,-0.0848859;
-0.0223827,-0.0848859,0.091896;
--- GMM Component 0 Para end---


--- GMM Component 1 Para begin---
simple size: 3165
coefs: 0.0571609

mean: (147.204,124.807,118.331)

cov:
466.825,212.19,64.2653;
212.19,524.939,194.958;
64.2653,194.958,511.573;

det: 8.77356e+07

cov inverse:
0.00262762,-0.00109444,8.69966e-05;
-0.00109444,0.00267491,-0.000881907;
8.69966e-05,-0.000881907,0.00227992;
--- GMM Component 1 Para end---


--- GMM Component 2 Para begin---
simple size: 3634
coefs: 0.0656312

mean: (200.152,179.589,174.707)

cov:
373.038,176.574,99.6086;
176.574,346.643,100.24;
99.6086,100.24,485.523;

det: 4.39842e+07

cov inverse:
0.003598,-0.00172212,-0.000382614;
-0.00172212,0.00389224,-0.000450274;
-0.000382614,-0.000450274,0.00223109;
--- GMM Component 2 Para end---


--- GMM Component 3 Para begin---
simple size: 4892
coefs: 0.0883511

mean: (71.8639,53.7075,64.6866)

cov:
847.206,632.148,431.877;
632.148,662.998,495.973;
431.877,495.973,589.182;

det: 3.42446e+07

cov inverse:
0.00422366,-0.0046212,0.000794131;
-0.0046212,0.00912965,-0.00429795;
0.000794131,-0.00429795,0.00473317;
--- GMM Component 3 Para end---


--- GMM Component 4 Para begin---
simple size: 5793
coefs: 0.104623

mean: (248.494,235.299,238.367)

cov:
115.24,118.425,62.5815;
118.425,336.703,263.723;
62.5815,263.723,353.217;

det: 3.32714e+06

cov inverse:
0.0148414,-0.00761184,0.0030537;
-0.00761184,0.0110571,-0.00690692;
0.0030537,-0.00690692,0.007447;
--- GMM Component 4 Para end---

  === GMM Dispatch and Learn DURATION: 62ms ===
--- Generate Graph ... ---
  === GMM GenerateGraph DURATION: 125ms ===
--- Maxflow ... ---
$$$ Max Flow Energy: 1.19297e+06 $$$
  === GMM MaxFlow DURATION: 47ms ===
$$$ Max Flow Energy Decrease Ratio: 0.058033 $$$

------------ Start Train 3------------


--- GMM Component 0 Para begin---
simple size: 37182
coefs: 0.19679

mean: (125.407,115.729,101.39)

cov:
233.623,85.9061,173.172;
85.9061,169.56,85.1182;
173.172,85.1182,233.381;

det: 3.27768e+06

cov inverse:
0.00986278,-0.00161968,-0.00672759;
-0.00161968,0.00748538,-0.00152822;
-0.00672759,-0.00152822,0.00983416;
--- GMM Component 0 Para end---


--- GMM Component 1 Para begin---
simple size: 32251
coefs: 0.170692

mean: (222.869,219.323,188.488)

cov:
388.655,260.363,428.253;
260.363,405.713,285.565;
428.253,285.565,810.869;

det: 3.04717e+07

cov inverse:
0.00812008,-0.00291503,-0.00326196;
-0.00291503,0.00432359,1.68993e-05;
-0.00326196,1.68993e-05,0.00295006;
--- GMM Component 1 Para end---


--- GMM Component 2 Para begin---
simple size: 44795
coefs: 0.237082

mean: (168.886,166.544,138.425)

cov:
341.567,166.935,285.941;
166.935,288.78,115.432;
285.941,115.432,446.009;

det: 1.44218e+07

cov inverse:
0.00800692,-0.00287396,-0.0043895;
-0.00287396,0.00489399,0.000575908;
-0.0043895,0.000575908,0.00490721;
--- GMM Component 2 Para end---


--- GMM Component 3 Para begin---
simple size: 31579
coefs: 0.167135

mean: (62.6418,48.9773,41.48)

cov:
162.081,118.637,113.132;
118.637,111.118,97.0989;
113.132,97.0989,161.385;

det: 291251

cov inverse:
0.0292001,-0.0280212,-0.00361023;
-0.0280212,0.0458662,-0.00795279;
-0.00361023,-0.00795279,0.013512;
--- GMM Component 3 Para end---


--- GMM Component 4 Para begin---
simple size: 43136
coefs: 0.228302

mean: (93.1828,78.3645,70.0006)

cov:
161.479,72.1692,103.605;
72.1692,98.9304,67.3074;
103.605,67.3074,142.16;

det: 743671

cov inverse:
0.0128197,-0.00441885,-0.00725075;
-0.00441885,0.0164345,-0.00456072;
-0.00725075,-0.00456072,0.014478;
--- GMM Component 4 Para end---


--- GMM Component 0 Para begin---
simple size: 36498
coefs: 0.714848

mean: (19.6613,16.626,29.0844)

cov:
46.4323,37.7387,48.833;
37.7387,35.9064,44.894;
48.833,44.894,63.7356;

det: 1750.37

cov inverse:
0.155994,-0.121684,-0.0338079;
-0.121684,0.328345,-0.138047;
-0.0338079,-0.138047,0.13883;
--- GMM Component 0 Para end---


--- GMM Component 1 Para begin---
simple size: 2192
coefs: 0.0429324

mean: (147.893,115.482,117.304)

cov:
409.9,152.27,1.52929;
152.27,318.476,306.991;
1.52929,306.991,598.944;

det: 2.58129e+07

cov inverse:
0.00373868,-0.00351498,0.00179207;
-0.00351498,0.00951095,-0.00486589;
0.00179207,-0.00486589,0.00415906;
--- GMM Component 1 Para end---


--- GMM Component 2 Para begin---
simple size: 1962
coefs: 0.0384276

mean: (196.957,172.051,185.179)

cov:
371.592,202.4,31.5428;
202.4,267.286,267.028;
31.5428,267.028,626.716;

det: 1.32202e+07

cov inverse:
0.00727741,-0.00895784,0.00345043;
-0.00895784,0.0175405,-0.00702268;
0.00345043,-0.00702268,0.00441414;
--- GMM Component 2 Para end---


--- GMM Component 3 Para begin---
simple size: 6136
coefs: 0.120179

mean: (62.3171,46.2668,59.2236)

cov:
889.022,696.055,560.198;
696.055,689.627,593.266;
560.198,593.266,697.631;

det: 2.30546e+07

cov inverse:
0.0056015,-0.00664695,0.00115457;
-0.00664695,0.0132896,-0.00596403;
0.00115457,-0.00596403,0.00557813;
--- GMM Component 3 Para end---


--- GMM Component 4 Para begin---
simple size: 4269
coefs: 0.0836124

mean: (249.6,239.922,244.144)

cov:
88.6217,113.161,45.9347;
113.161,292.612,226.467;
45.9347,226.467,265.694;

det: 679412

cov inverse:
0.0389428,-0.0289418,0.0179362;
-0.0289418,0.0315513,-0.0218894;
0.0179362,-0.0218894,0.0193204;
--- GMM Component 4 Para end---

  === GMM Dispatch and Learn DURATION: 62ms ===
--- Generate Graph ... ---
  === GMM GenerateGraph DURATION: 128ms ===
--- Maxflow ... ---
$$$ Max Flow Energy: 1.17917e+06 $$$
  === GMM MaxFlow DURATION: 37ms ===
$$$ Max Flow Energy Decrease Ratio: 0.011572 $$$
--- Convergence in: 3 times ---
===== GMM TRAIN DURATION: 831ms =====
===== GMM TOTAL DURATION: 866ms =====
generateTenColorImage...
generateHandledImage...
--------------- advanceGrabCut ---------------
Exit advanceGrabCut
OutputSwitcher Destructed
