read new image: ex2.jpg at D:\Code\C\clionCpp\GrabCut\test_textures\ex2.jpg
Image Size: 400*600
--------------- initGrabCut ---------------

Rect: From (44,195) To (347,428)

initByKmeans bkGMM with 169936 bkSamples
Init RGB: (R:28,G:33,B:36) (R:21,G:22,B:26) (R:20,G:24,B:27) (R:32,G:37,B:40) (R:25,G:35,B:36) 
--- Begin K-Means Iteration ---
{size: 16719, mean: (27.3695,31.6348,33.9706)} {size: 36526, mean: (11.8403,17.2949,16.0014)} {size: 33431, mean: (17.7341,27.6993,24.7079)} {size: 65055, mean: (49.8283,61.4109,53.6559)} {size: 18205, mean: (22.9572,39.18,31.8985)} 
{size: 41499, mean: (29.1369,34.6357,36.6799)} {size: 32131, mean: (9.88594,16.9672,14.3112)} {size: 34296, mean: (18.14,26.6053,24.6516)} {size: 39280, mean: (60.9886,73.5993,62.2118)} {size: 22730, mean: (26.3043,44.392,34.2538)} 
{size: 41389, mean: (29.9447,35.8494,37.6964)} {size: 29135, mean: (9.31787,16.583,13.6413)} {size: 43717, mean: (18.5782,26.8675,25.0607)} {size: 27566, mean: (69.9288,82.2268,68.9109)} {size: 28129, mean: (31.7022,49.3029,38.9952)} 
--- End   K-Means Iteration ---
initByKmeans frGMM with 70064 frSamples
Init RGB: (R:151,G:154,B:163) (R:80,G:74,B:58) (R:27,G:31,B:34) (R:37,G:45,B:48) (R:25,G:29,B:32) 
--- Begin K-Means Iteration ---
{size: 13308, mean: (171.22,160.214,158.55)} {size: 9470, mean: (85.763,86.2587,75.5873)} {size: 14535, mean: (27.6222,36.0676,35.5987)} {size: 16712, mean: (39.6398,49.8356,45.7225)} {size: 16039, mean: (19.0062,27.5301,25.6571)} 
{size: 12099, mean: (175.633,164.458,163.327)} {size: 9041, mean: (96.142,94.0827,83.7225)} {size: 19910, mean: (27.7935,36.3716,35.9558)} {size: 15296, mean: (43.251,53.2646,47.9171)} {size: 13718, mean: (18.2552,26.8533,24.5664)} 
{size: 10996, mean: (179.401,168.532,168.004)} {size: 8847, mean: (105.893,100.968,90.962)} {size: 22535, mean: (28.2633,36.9662,36.3551)} {size: 14510, mean: (46.5226,56.2921,50.1245)} {size: 13176, mean: (18.0688,26.6678,24.2996)} 
--- End   K-Means Iteration ---

--- GMM Component 0 Para begin---
simple size: 41389
coefs: 0.243556

mean: (29.9447,35.8494,37.6964)

cov:
25.6457,19.1586,19.211;
19.1586,22.5601,20.0859;
19.211,20.0859,25.3644;

det: 1477.79

cov inverse:
0.114209,-0.0677188,-0.032876;
-0.0677188,0.190435,-0.0995146;
-0.032876,-0.0995146,0.143131;
--- GMM Component 0 Para end---


--- GMM Component 1 Para begin---
simple size: 29135
coefs: 0.171447

mean: (9.31787,16.583,13.6413)

cov:
16.2525,7.71898,13.5138;
7.71898,28.9467,14.9381;
13.5138,14.9381,22.8645;

det: 3597.85

cov inverse:
0.121935,0.00705421,-0.076677;
0.00705421,0.0525264,-0.0384865;
-0.076677,-0.0384865,0.1142;
--- GMM Component 1 Para end---


--- GMM Component 2 Para begin---
simple size: 43717
coefs: 0.257256

mean: (18.5782,26.8675,25.0607)

cov:
15.6251,-0.275541,8.93503;
-0.275541,21.8758,1.63096;
8.93503,1.63096,15.1821;

det: 3392.22

cov inverse:
0.0971222,0.0055291,-0.0577527;
0.0055291,0.0463965,-0.00823821;
-0.0577527,-0.00823821,0.100741;
--- GMM Component 2 Para end---


--- GMM Component 3 Para begin---
simple size: 27566
coefs: 0.162214

mean: (69.9288,82.2268,68.9109)

cov:
1087.21,762.12,696.452;
762.12,639.681,523.838;
696.452,523.838,544.513;

det: 9.89743e+06

cov inverse:
0.00746743,-0.00506766,-0.00467587;
-0.00506766,0.0108065,-0.00391446;
-0.00467587,-0.00391446,0.0115829;
--- GMM Component 3 Para end---


--- GMM Component 4 Para begin---
simple size: 28129
coefs: 0.165527

mean: (31.7022,49.3029,38.9952)

cov:
65.6743,23.569,43.2926;
23.569,49.1042,19.1272;
43.2926,19.1272,64.7046;

det: 95694.5

cov inverse:
0.0293791,-0.00728311,-0.0175041;
-0.00728311,0.0248204,-0.00246413;
-0.0175041,-0.00246413,0.0278949;
--- GMM Component 4 Para end---


--- GMM Component 0 Para begin---
simple size: 10996
coefs: 0.156942

mean: (179.401,168.532,168.004)

cov:
823.963,790.631,788.426;
790.631,914.241,990.7;
788.426,990.7,1166.45;

det: 7.64179e+06

cov inverse:
0.0111142,-0.0184696,0.00817442;
-0.0184696,0.0444266,-0.0252488;
0.00817442,-0.0252488,0.0167766;
--- GMM Component 0 Para end---


--- GMM Component 1 Para begin---
simple size: 8847
coefs: 0.12627

mean: (105.893,100.968,90.962)

cov:
621.916,312.423,249.328;
312.423,264.662,244.229;
249.328,244.229,394.371;

det: 1.0919e+07

cov inverse:
0.00409626,-0.00570725,0.000944703;
-0.00570725,0.0167691,-0.00677666;
0.000944703,-0.00677666,0.00613513;
--- GMM Component 1 Para end---


--- GMM Component 2 Para begin---
simple size: 22535
coefs: 0.321635

mean: (28.2633,36.9662,36.3551)

cov:
20.1265,8.62589,7.4694;
8.62589,22.731,8.77099;
7.4694,8.77099,17.6764;

det: 5085.36

cov inverse:
0.0638839,-0.0171003,-0.0185099;
-0.0171003,0.0589876,-0.0220435;
-0.0185099,-0.0220435,0.075332;
--- GMM Component 2 Para end---


--- GMM Component 3 Para begin---
simple size: 14510
coefs: 0.207096

mean: (46.5226,56.2921,50.1245)

cov:
104.3,57.3775,42.6973;
57.3775,91.0079,47.0562;
42.6973,47.0562,62.2728;

det: 219788

cov inverse:
0.0157107,-0.00711542,-0.00539531;
-0.00711542,0.0212568,-0.011184;
-0.00539531,-0.011184,0.0282088;
--- GMM Component 3 Para end---


--- GMM Component 4 Para begin---
simple size: 13176
coefs: 0.188057

mean: (18.0688,26.6678,24.2996)

cov:
22.7866,11.6663,19.4218;
11.6663,23.5656,17.986;
19.4218,17.986,34.1054;

det: 5562.19

cov inverse:
0.0863361,-0.00873093,-0.0445609;
-0.00873093,0.0719036,-0.0329476;
-0.0445609,-0.0329476,0.0720721;
--- GMM Component 4 Para end---


--- INIT GMM COMPLETE ---

===== GMM INIT DURATION: 12ms =====
Beta: 0.00128645

------------ Start Train 1------------


--- GMM Component 0 Para begin---
simple size: 45580
coefs: 0.268219

mean: (29.743,35.8536,37.8973)

cov:
25.6291,23.2932,23.3211;
23.2932,28.4304,25.3967;
23.3211,25.3967,27.0516;

det: 632.564

cov inverse:
0.196173,-0.0598135,-0.112966;
-0.0598135,0.236234,-0.170217;
-0.112966,-0.170217,0.294159;
--- GMM Component 0 Para end---


--- GMM Component 1 Para begin---
simple size: 28515
coefs: 0.167798

mean: (9.26646,16.3858,13.73)

cov:
15.1824,8.32337,13.8895;
8.32337,26.4849,16.2548;
13.8895,16.2548,22.1648;

det: 2014.48

cov inverse:
0.160247,0.0204938,-0.115448;
0.0204938,0.0712819,-0.0651177;
-0.115448,-0.0651177,0.165216;
--- GMM Component 1 Para end---


--- GMM Component 2 Para begin---
simple size: 40766
coefs: 0.23989

mean: (18.3571,26.6984,24.8783)

cov:
13.1687,1.33398,8.42035;
1.33398,22.3029,3.55784;
8.42035,3.55784,12.5778;

det: 2003.62

cov inverse:
0.133689,0.00657794,-0.0913605;
0.00657794,0.0472797,-0.0177775;
-0.0913605,-0.0177775,0.145696;
--- GMM Component 2 Para end---


--- GMM Component 3 Para begin---
simple size: 26576
coefs: 0.156388

mean: (69.3178,82.2505,66.9355)

cov:
1219.55,855.203,841.297;
855.203,722.3,653.765;
841.297,653.765,719.647;

det: 1.58589e+07

cov inverse:
0.00582592,-0.00412598,-0.00306248;
-0.00412598,0.0107111,-0.00490704;
-0.00306248,-0.00490704,0.00942754;
--- GMM Component 3 Para end---


--- GMM Component 4 Para begin---
simple size: 28499
coefs: 0.167704

mean: (32.7029,49.8004,39.924)

cov:
91.3727,34.0733,73.1189;
34.0733,46.7647,35.4966;
73.1189,35.4966,88.1112;

det: 85925.4

cov inverse:
0.0332903,-0.00473394,-0.0257188;
-0.00473394,0.0314761,-0.00875205;
-0.0257188,-0.00875205,0.0362178;
--- GMM Component 4 Para end---


--- GMM Component 0 Para begin---
simple size: 11263
coefs: 0.160753

mean: (177.581,167.112,167.319)

cov:
889.706,857.086,846.941;
857.086,965.432,1018.32;
846.941,1018.32,1145.03;

det: 5.67088e+06

cov inverse:
0.0120728,-0.0209714,0.00972087;
-0.0209714,0.0531534,-0.0317598;
0.00972087,-0.0317598,0.0219285;
--- GMM Component 0 Para end---


--- GMM Component 1 Para begin---
simple size: 8744
coefs: 0.1248

mean: (105.399,99.9871,88.5033)

cov:
716.53,368.139,255.877;
368.139,308.306,256.97;
255.877,256.97,389.189;

det: 1.41422e+07

cov inverse:
0.00381526,-0.00548171,0.00111103;
-0.00548171,0.0150892,-0.0063589;
0.00111103,-0.0063589,0.00603757;
--- GMM Component 1 Para end---


--- GMM Component 2 Para begin---
simple size: 22866
coefs: 0.326359

mean: (28.3251,36.9934,36.8189)

cov:
18.3932,11.028,11.3794;
11.028,22.2624,12.3815;
11.3794,12.3815,18.2589;

det: 2661.08

cov inverse:
0.0951434,-0.0227219,-0.0438876;
-0.0227219,0.0775435,-0.038422;
-0.0438876,-0.038422,0.108174;
--- GMM Component 2 Para end---


--- GMM Component 3 Para begin---
simple size: 14282
coefs: 0.203842

mean: (46.1586,56.1485,49.395)

cov:
101.16,56.3839,56.7116;
56.3839,98.3994,63.687;
56.7116,63.687,87.7518;

det: 275025

cov inverse:
0.0166483,-0.00485773,-0.00723379;
-0.00485773,0.0205827,-0.0117987;
-0.00723379,-0.0117987,0.0246338;
--- GMM Component 3 Para end---


--- GMM Component 4 Para begin---
simple size: 12909
coefs: 0.184246

mean: (17.8904,26.5995,24.2548)

cov:
21.171,11.442,19.8181;
11.442,23.5012,18.2902;
19.8181,18.2902,34.0593;

det: 4469.26

cov inverse:
0.104246,-0.00609233,-0.057386;
-0.00609233,0.0734598,-0.0359038;
-0.057386,-0.0359038,0.0820326;
--- GMM Component 4 Para end---

  === GMM Dispatch and Learn DURATION: 59ms ===
--- Generate Graph ... ---
  === GMM GenerateGraph TRAIN DURATION: 86ms ===
--- Maxflow ... ---
$$$ Max Flow Energy: 613073 $$$
  === GMM MaxFlow DURATION: 114ms ===

------------ Start Train 2------------


--- GMM Component 0 Para begin---
simple size: 68859
coefs: 0.310579

mean: (29.1254,35.7114,37.7133)

cov:
27.4421,25.1608,25.0112;
25.1608,31.4165,27.8335;
25.0112,27.8335,28.0516;

det: 544.712

cov inverse:
0.19567,-0.0177205,-0.156879;
-0.0177205,0.264793,-0.246934;
-0.156879,-0.246934,0.420538;
--- GMM Component 0 Para end---


--- GMM Component 1 Para begin---
simple size: 30149
coefs: 0.135983

mean: (9.34346,16.55,13.8131)

cov:
14.6884,8.44006,13.092;
8.44006,26.2184,16.5965;
13.092,16.5965,20.909;

det: 1690.8

cov inverse:
0.161319,0.0241357,-0.120166;
0.0241357,0.080269,-0.0788259;
-0.120166,-0.0788259,0.185635;
--- GMM Component 1 Para end---


--- GMM Component 2 Para begin---
simple size: 47236
coefs: 0.213051

mean: (18.3965,26.8589,24.8782)

cov:
12.1953,3.7475,7.52948;
3.7475,22.6592,5.7665;
7.52948,5.7665,11.5987;

det: 1677.54

cov inverse:
0.136846,-2.82549e-05,-0.0888218;
-2.82549e-05,0.0505247,-0.0251009;
-0.0888218,-0.0251009,0.156356;
--- GMM Component 2 Para end---


--- GMM Component 3 Para begin---
simple size: 32309
coefs: 0.145725

mean: (68.4992,81.3698,65.2546)

cov:
1170.42,846.436,860.39;
846.436,747.381,705.268;
860.39,705.268,783.067;

det: 1.57655e+07

cov inverse:
0.00557214,-0.00355274,-0.00292259;
-0.00355274,0.0111791,-0.00616492;
-0.00292259,-0.00616492,0.0100406;
--- GMM Component 3 Para end---


--- GMM Component 4 Para begin---
simple size: 43159
coefs: 0.194662

mean: (34.8144,50.0002,41.8346)

cov:
115.379,52.2031,97.5243;
52.2031,57.2231,57.2909;
97.5243,57.2909,107.626;

det: 77679.3

cov inverse:
0.0370297,-0.00040109,-0.0333407;
-0.00040109,0.0374206,-0.0195561;
-0.0333407,-0.0195561,0.0499128;
--- GMM Component 4 Para end---


--- GMM Component 0 Para begin---
simple size: 11373
coefs: 0.621883

mean: (175.93,165.932,166.883)

cov:
963.883,931.636,916.028;
931.636,1026.58,1060.37;
916.028,1060.37,1149.92;

det: 4.44521e+06

cov inverse:
0.0126205,-0.0224907,0.0106857;
-0.0224907,0.0605773,-0.0379438;
0.0106857,-0.0379438,0.0273464;
--- GMM Component 0 Para end---


--- GMM Component 1 Para begin---
simple size: 5657
coefs: 0.309329

mean: (117.337,102.697,90.5029)

cov:
763.976,485.083,223.309;
485.083,392.152,279.021;
223.309,279.021,378.863;

det: 5.7729e+06

cov inverse:
0.0122502,-0.0210418,0.00827614;
-0.0210418,0.0415,-0.0181611;
0.00827614,-0.0181611,0.0111365;
--- GMM Component 1 Para end---


--- GMM Component 2 Para begin---
simple size: 85
coefs: 0.00464786

mean: (32.7647,35.4,36.2471)

cov:
15.9446,14.0353,16.317;
14.0353,21.4635,17.5247;
16.317,17.5247,24.5625;

det: 982.847

cov inverse:
0.223923,-0.059818,-0.106075;
-0.059818,0.127585,-0.0512916;
-0.106075,-0.0512916,0.147773;
--- GMM Component 2 Para end---


--- GMM Component 3 Para begin---
simple size: 1113
coefs: 0.0608596

mean: (55.2183,50.735,46.7862)

cov:
132.62,115.584,133.505;
115.584,132.878,162.832;
133.505,162.832,243.304;

det: 177753

cov inverse:
0.0327162,-0.0359108,0.00608152;
-0.0359108,0.0812552,-0.0346755;
0.00608152,-0.0346755,0.0239797;
--- GMM Component 3 Para end---


--- GMM Component 4 Para begin---
simple size: 60
coefs: 0.00328084

mean: (20.6167,23.3333,18.9)

cov:
25.1031,19.2611,24.5117;
19.2611,32.7222,27.8167;
24.5117,27.8167,46.7567;

det: 8242.53

cov inverse:
0.0917455,-0.0265395,-0.0323076;
-0.0265395,0.069507,-0.0274384;
-0.0323076,-0.0274384,0.054648;
--- GMM Component 4 Para end---

  === GMM Dispatch and Learn DURATION: 61ms ===
--- Generate Graph ... ---
  === GMM GenerateGraph TRAIN DURATION: 94ms ===
--- Maxflow ... ---
$$$ Max Flow Energy: 577751 $$$
  === GMM MaxFlow DURATION: 20ms ===

------------ Start Train 3------------


--- GMM Component 0 Para begin---
simple size: 70015
coefs: 0.315945

mean: (28.7496,35.3764,37.4755)

cov:
28.1719,26.3414,26.1609;
26.3414,33.3706,29.6806;
26.1609,29.6806,29.2961;

det: 464.368

cov inverse:
0.208216,0.0102758,-0.196344;
0.0102758,0.3035,-0.31666;
-0.196344,-0.31666,0.530282;
--- GMM Component 0 Para end---


--- GMM Component 1 Para begin---
simple size: 29555
coefs: 0.133368

mean: (9.2788,16.5796,13.7296)

cov:
14.3766,8.74495,12.6119;
8.74495,27.2829,17.3656;
12.6119,17.3656,20.1244;

det: 1509.93

cov inverse:
0.163906,0.0284958,-0.127309;
0.0284958,0.0862688,-0.0923009;
-0.127309,-0.0923009,0.209123;
--- GMM Component 1 Para end---


--- GMM Component 2 Para begin---
simple size: 44543
coefs: 0.201002

mean: (18.3339,26.592,24.6964)

cov:
11.9732,5.43372,7.07882;
5.43372,23.7528,6.97688;
7.07882,6.97688,10.4549;

det: 1428.32

cov inverse:
0.139784,-0.00519552,-0.0911783;
-0.00519552,0.0525576,-0.0315555;
-0.0911783,-0.0315555,0.178442;
--- GMM Component 2 Para end---


--- GMM Component 3 Para begin---
simple size: 30643
coefs: 0.138278

mean: (68.28,81.6987,64.3285)

cov:
1239.9,896.76,934.409;
896.76,788.345,766.497;
934.409,766.497,857.682;

det: 1.64029e+07

cov inverse:
0.00540345,-0.00322588,-0.00300391;
-0.00322588,0.0116027,-0.0068547;
-0.00300391,-0.0068547,0.0105645;
--- GMM Component 3 Para end---


--- GMM Component 4 Para begin---
simple size: 46849
coefs: 0.211408

mean: (35.4659,50.0887,42.5049)

cov:
139.723,73.2885,122.923;
73.2885,74.2686,80.8064;
122.923,80.8064,131.641;

det: 80370.3

cov inverse:
0.0404023,0.00354771,-0.0399041;
0.00354771,0.0408522,-0.0283894;
-0.0399041,-0.0283894,0.062284;
--- GMM Component 4 Para end---


--- GMM Component 0 Para begin---
simple size: 11446
coefs: 0.622234

mean: (174.704,164.948,166.361)

cov:
1019.99,989.591,972.017;
989.591,1084.14,1108.54;
972.017,1108.54,1178.67;

det: 3.99511e+06

cov inverse:
0.0122599,-0.0222466,0.0108126;
-0.0222466,0.0644326,-0.0422529;
0.0108126,-0.0422529,0.0316706;
--- GMM Component 0 Para end---


--- GMM Component 1 Para begin---
simple size: 5668
coefs: 0.308127

mean: (119.538,104.311,90.9195)

cov:
887.609,581.179,286.776;
581.179,459.32,318.585;
286.776,318.585,385.929;

det: 5.31916e+06

cov inverse:
0.0142444,-0.024991,0.0100454;
-0.024991,0.0489389,-0.0218289;
0.0100454,-0.0218289,0.0131464;
--- GMM Component 1 Para end---


--- GMM Component 2 Para begin---
simple size: 77
coefs: 0.00418592

mean: (32.4545,35.0909,36.5844)

cov:
18.0142,15.647,19.8772;
15.647,21.6411,20.6092;
19.8772,20.6092,27.0221;

det: 536.579

cov inverse:
0.298275,-0.0245272,-0.200702;
-0.0245272,0.170854,-0.112265;
-0.200702,-0.112265,0.270264;
--- GMM Component 2 Para end---


--- GMM Component 3 Para begin---
simple size: 1144
coefs: 0.0621908

mean: (55.4642,50.549,46.2771)

cov:
138.528,114.028,126.796;
114.028,125.052,152.046;
126.796,152.046,231.087;

det: 182160

cov inverse:
0.0317288,-0.0388195,0.00813227;
-0.0388195,0.087477,-0.0362565;
0.00813227,-0.0362565,0.0237206;
--- GMM Component 3 Para end---


--- GMM Component 4 Para begin---
simple size: 60
coefs: 0.00326176

mean: (20.5333,23.2333,18.5)

cov:
24.9489,19.0256,24.2833;
19.0256,32.3789,27.3;
24.2833,27.3,48.1167;

det: 8990.66

cov inverse:
0.0903909,-0.0280859,-0.029683;
-0.0280859,0.0679346,-0.0243698;
-0.029683,-0.0243698,0.0495898;
--- GMM Component 4 Para end---

  === GMM Dispatch and Learn DURATION: 60ms ===
--- Generate Graph ... ---
  === GMM GenerateGraph TRAIN DURATION: 93ms ===
--- Maxflow ... ---
$$$ Max Flow Energy: 574834 $$$
  === GMM MaxFlow DURATION: 21ms ===
===== GMM TRAIN DURATION: 615ms =====
===== GMM TOTAL DURATION: 628ms =====
generateTenColorImage...
generateHandledImage...
--------------- advanceGrabCut ---------------
Exit advanceGrabCut
OutputSwitcher Destructed
