read new image: ex3.jpg at D:\Code\C\clionCpp\GrabCut\test_textures\ex3.jpg
Image Size: 600*400

Rect: From (77,94) To (599,356)

initByKmeans bkGMM with 104019 bkSamples
Init RGB: (R:51,G:57,B:43) (R:147,G:157,B:133) (R:54,G:40,B:13) (R:57,G:48,B:31) (R:241,G:223,B:213) 
--- Begin K-Means Iteration ---
{size: 32195, mean: (84.8636,73.1121,64.3687)} {size: 44427, mean: (151.332,145.806,122.717)} {size: 1966, mean: (42.8667,30.9852,16.855)} {size: 8720, mean: (59.4825,46.1373,36.8579)} {size: 16711, mean: (225.39,222.075,190.687)} 
{size: 31282, mean: (95.1699,82.9988,72.2382)} {size: 34528, mean: (152.106,146.938,123.59)} {size: 2377, mean: (42.0648,31.2066,20.1027)} {size: 14814, mean: (60.6752,48.7494,42.1925)} {size: 21018, mean: (218.718,215.992,183.915)} 
{size: 30136, mean: (100.657,88.5587,77.1977)} {size: 30138, mean: (153.556,148.867,124.964)} {size: 3097, mean: (43.8095,33.0132,22.5583)} {size: 18261, mean: (64.3366,52.3389,45.3638)} {size: 22387, mean: (216.781,214.078,182.007)} 
--- End   K-Means Iteration ---
initByKmeans frGMM with 135981 frSamples
Init RGB: (R:9,G:9,B:17) (R:27,G:15,B:29) (R:99,G:75,B:75) (R:73,G:52,B:57) (R:177,G:195,B:155) 
--- Begin K-Means Iteration ---
{size: 10218, mean: (12.3707,9.41574,19.0294)} {size: 29874, mean: (24.1303,19.8809,31.7774)} {size: 35237, mean: (110.17,95.8362,86.1162)} {size: 16724, mean: (70.5224,55.9635,50.9864)} {size: 43928, mean: (194.775,188.045,167.782)} 
{size: 12477, mean: (13.3628,10.1731,20.1064)} {size: 27512, mean: (24.4941,20.3068,32.4646)} {size: 34482, mean: (118.472,106.226,93.8938)} {size: 22381, mean: (74.969,59.6454,54.2369)} {size: 39129, mean: (200.904,193.72,173.93)} 
{size: 14626, mean: (13.9632,10.8946,21.1657)} {size: 26062, mean: (25.771,21.2358,33.029)} {size: 32853, mean: (125.646,114.885,100.481)} {size: 26585, mean: (79.2661,63.5045,57.9057)} {size: 35855, mean: (205.098,197.688,178.227)} 
--- End   K-Means Iteration ---

--- GMM Component 0 Para begin---
simple size: 30136
coefs: 0.289716

mean: (100.657,88.5587,77.1977)

cov:
209.204,154.898,138.257;
154.898,218.42,139.923;
138.257,139.923,204.677;

det: 2.16382e+06

cov inverse:
0.0116124,-0.00571151,-0.00393949;
-0.00571151,0.0109548,-0.00363095;
-0.00393949,-0.00363095,0.0100291;
--- GMM Component 0 Para end---


--- GMM Component 1 Para begin---
simple size: 30138
coefs: 0.289736

mean: (153.556,148.867,124.964)

cov:
368.459,336.132,265.014;
336.132,537.48,227.033;
265.014,227.033,363.476;

det: 1.46228e+07

cov inverse:
0.00983512,-0.00424057,-0.00452217;
-0.00424057,0.00435573,0.000371188;
-0.00452217,0.000371188,0.00581653;
--- GMM Component 1 Para end---


--- GMM Component 2 Para begin---
simple size: 3097
coefs: 0.0297734

mean: (43.8095,33.0132,22.5583)

cov:
77.717,53.8843,23.5662;
53.8843,72.2527,34.0029;
23.5662,34.0029,97.8804;

det: 221800

cov inverse:
0.0266723,-0.0201664,0.000583899;
-0.0201664,0.0317926,-0.00618917;
0.000583899,-0.00618917,0.012226;
--- GMM Component 2 Para end---


--- GMM Component 3 Para begin---
simple size: 18261
coefs: 0.175554

mean: (64.3366,52.3389,45.3638)

cov:
87.9581,59.5759,24.8479;
59.5759,76.4644,29.0032;
24.8479,29.0032,81.1936;

det: 222571

cov inverse:
0.0241147,-0.0184953,-0.000773202;
-0.0184953,0.029313,-0.00481072;
-0.000773202,-0.00481072,0.0142713;
--- GMM Component 3 Para end---


--- GMM Component 4 Para begin---
simple size: 22387
coefs: 0.21522

mean: (216.781,214.078,182.007)

cov:
500.58,415.307,493.195;
415.307,538.289,393.185;
493.195,393.185,771.301;

det: 2.75473e+07

cov inverse:
0.00945968,-0.00458883,-0.00370958;
-0.00458883,0.00518586,0.000290663;
-0.00370958,0.000290663,0.00352037;
--- GMM Component 4 Para end---


--- GMM Component 0 Para begin---
simple size: 14626
coefs: 0.107559

mean: (13.9632,10.8946,21.1657)

cov:
19.9446,10.9103,11.6289;
10.9103,18.8711,18.5756;
11.6289,18.5756,43.2825;

det: 6418.06

cov inverse:
0.0735014,-0.0399205,-0.0026152;
-0.0399205,0.113433,-0.0379567;
-0.0026152,-0.0379567,0.0400966;
--- GMM Component 0 Para end---


--- GMM Component 1 Para begin---
simple size: 26062
coefs: 0.191659

mean: (25.771,21.2358,33.029)

cov:
79.8017,47.2593,11.5177;
47.2593,41.8863,10.7077;
11.5177,10.7077,48.3283;

det: 50554.2

cov inverse:
0.037774,-0.0427389,0.000466858;
-0.0427389,0.0736638,-0.00613539;
0.000466858,-0.00613539,0.0219399;
--- GMM Component 1 Para end---


--- GMM Component 2 Para begin---
simple size: 32853
coefs: 0.2416

mean: (125.646,114.885,100.481)

cov:
387.053,317.292,269.779;
317.292,588,256.129;
269.779,256.129,361.718;

det: 2.15688e+07

cov inverse:
0.0068195,-0.0021175,-0.00358679;
-0.0021175,0.00311669,-0.000627605;
-0.00358679,-0.000627605,0.00588411;
--- GMM Component 2 Para end---


--- GMM Component 3 Para begin---
simple size: 26585
coefs: 0.195505

mean: (79.2661,63.5045,57.9057)

cov:
192.503,109.678,104.95;
109.678,157.803,82.4869;
104.95,82.4869,172.345;

det: 2.01328e+06

cov inverse:
0.010129,-0.00508894,-0.00373241;
-0.00508894,0.0110082,-0.00216975;
-0.00373241,-0.00216975,0.00911366;
--- GMM Component 3 Para end---


--- GMM Component 4 Para begin---
simple size: 35855
coefs: 0.263677

mean: (205.098,197.688,178.227)

cov:
953.901,809.338,1007.45;
809.338,1013.92,905.624;
1007.45,905.624,1462.26;

det: 1.21849e+08

cov inverse:
0.00543679,-0.00222481,-0.00236789;
-0.00222481,0.00311773,-0.000398079;
-0.00236789,-0.000398079,0.00256181;
--- GMM Component 4 Para end---


--- INIT GMM COMPLETE ---

===== GMM INIT DURATION: 15ms =====
Beta: 0.000184789

------------ Start Train 1------------


--- GMM Component 0 Para begin---
simple size: 30646
coefs: 0.294619

mean: (101.019,88.6403,77.7534)

cov:
242.189,170.466,165.661;
170.466,210.226,159.425;
165.661,159.425,221.93;

det: 1.92973e+06

cov inverse:
0.0110062,-0.00591839,-0.00396412;
-0.00591839,0.0136317,-0.00537463;
-0.00396412,-0.00537463,0.0113259;
--- GMM Component 0 Para end---


--- GMM Component 1 Para begin---
simple size: 29755
coefs: 0.286054

mean: (153.546,149.484,125.433)

cov:
383.554,326.079,300.871;
326.079,507.022,240.641;
300.871,240.641,410.792;

det: 1.53175e+07

cov inverse:
0.00981703,-0.00401821,-0.0048363;
-0.00401821,0.00437652,0.000379247;
-0.0048363,0.000379247,0.00575434;
--- GMM Component 1 Para end---


--- GMM Component 2 Para begin---
simple size: 2599
coefs: 0.0249858

mean: (43.2963,32.5021,20.1654)

cov:
87.7191,65.3614,21.687;
65.3614,78.1223,33.1789;
21.687,33.1789,77.6371;

det: 161112

cov inverse:
0.030813,-0.0270304,0.00294444;
-0.0270304,0.0393511,-0.00926643;
0.00294444,-0.00926643,0.016018;
--- GMM Component 2 Para end---


--- GMM Component 3 Para begin---
simple size: 18658
coefs: 0.179371

mean: (64.1764,51.7558,45.1839)

cov:
98.1816,70.9509,30.539;
70.9509,75.747,33.1155;
30.539,33.1155,81.1389;

det: 160166

cov inverse:
0.031526,-0.029629,0.000226817;
-0.029629,0.0439152,-0.00677147;
0.000226817,-0.00677147,0.0150028;
--- GMM Component 3 Para end---


--- GMM Component 4 Para begin---
simple size: 22361
coefs: 0.21497

mean: (216.911,214.275,181.338)

cov:
494.475,406.624,514.071;
406.624,529.714,404.414;
514.071,404.414,829.475;

det: 2.83302e+07

cov inverse:
0.00973639,-0.00456709,-0.00380747;
-0.00456709,0.00514946,0.000319834;
-0.00380747,0.000319834,0.00340934;
--- GMM Component 4 Para end---


--- GMM Component 0 Para begin---
simple size: 16801
coefs: 0.123554

mean: (14.3617,11.6832,22.4761)

cov:
15.3893,11.893,16.8814;
11.893,18.1496,22.9091;
16.8814,22.9091,39.7617;

det: 1431.73

cov inverse:
0.13748,-0.060171,-0.0237008;
-0.060171,0.228341,-0.106015;
-0.0237008,-0.106015,0.0962937;
--- GMM Component 0 Para end---


--- GMM Component 1 Para begin---
simple size: 22424
coefs: 0.164905

mean: (25.2325,20.7632,33.4974)

cov:
52.4542,31.5635,15.0467;
31.5635,28.3521,14.9447;
15.0467,14.9447,47.095;

det: 19181.4

cov inverse:
0.0579675,-0.0657728,0.00235122;
-0.0657728,0.116985,-0.0161085;
0.00235122,-0.0161085,0.0255942;
--- GMM Component 1 Para end---


--- GMM Component 2 Para begin---
simple size: 30983
coefs: 0.227848

mean: (125.398,115.558,101.306)

cov:
399.464,291.386,295;
291.386,535.064,265.627;
295,265.627,382.226;

det: 2.01601e+07

cov inverse:
0.00664468,-0.00163766,-0.00399025;
-0.00163766,0.00325695,-0.000999471;
-0.00399025,-0.000999471,0.00639049;
--- GMM Component 2 Para end---


--- GMM Component 3 Para begin---
simple size: 29233
coefs: 0.214979

mean: (79.13,62.5676,57.6284)

cov:
262.252,172.354,172.378;
172.354,182.021,139.563;
172.378,139.563,225.945;

det: 1.84981e+06

cov inverse:
0.0117034,-0.00804681,-0.00395833;
-0.00804681,0.0159695,-0.003725;
-0.00395833,-0.003725,0.0097466;
--- GMM Component 3 Para end---


--- GMM Component 4 Para begin---
simple size: 36540
coefs: 0.268714

mean: (204.141,196.831,176.493)

cov:
993.384,836.96,1083.8;
836.96,1044.11,959.331;
1083.8,959.331,1599.59;

det: 1.38333e+08

cov inverse:
0.00542051,-0.00216195,-0.00237606;
-0.00216195,0.00299554,-0.000331703;
-0.00237606,-0.000331703,0.00243399;
--- GMM Component 4 Para end---

  === GMM Dispatch and Learn DURATION: 78ms ===
--- Generate Graph ... ---
  === GMM GenerateGraph TRAIN DURATION: 125ms ===
--- Maxflow ... ---
$$$ Max Flow Energy: 1.40996e+06 $$$
  === GMM MaxFlow DURATION: 218ms ===

------------ Start Train 2------------


--- GMM Component 0 Para begin---
simple size: 60603
coefs: 0.311542

mean: (100.913,86.5909,77.7768)

cov:
281.658,190.189,213.369;
190.189,231.394,183.381;
213.369,183.381,248.748;

det: 2.0913e+06

cov inverse:
0.0114428,-0.00391205,-0.0069313;
-0.00391205,0.0117321,-0.00529347;
-0.0069313,-0.00529347,0.0138681;
--- GMM Component 0 Para end---


--- GMM Component 1 Para begin---
simple size: 56922
coefs: 0.292619

mean: (153.427,149.686,125.962)

cov:
474.092,327.722,398.286;
327.722,482.359,267.23;
398.286,267.23,515.53;

det: 2.19123e+07

cov inverse:
0.00808948,-0.00285304,-0.00477083;
-0.00285304,0.00391458,0.000175034;
-0.00477083,0.000175034,0.00553485;
--- GMM Component 1 Para end---


--- GMM Component 2 Para begin---
simple size: 3860
coefs: 0.0198431

mean: (42.0171,31.0347,17.6212)

cov:
112.912,82.7561,40.3816;
82.7561,98.0879,46.2287;
40.3816,46.2287,63.2612;

det: 175112

cov inverse:
0.0232312,-0.0192361,-0.000772301;
-0.0192361,0.0314786,-0.0107243;
-0.000772301,-0.0107243,0.0241373;
--- GMM Component 2 Para end---


--- GMM Component 3 Para begin---
simple size: 29228
coefs: 0.150252

mean: (66.0017,52.0513,45.2611)

cov:
109.249,76.9491,44.8241;
76.9491,75.1961,40.4425;
44.8241,40.4425,86.3065;

det: 147197

cov inverse:
0.0329784,-0.0328024,-0.00175671;
-0.0328024,0.0504066,-0.00658392;
-0.00175671,-0.00658392,0.0155841;
--- GMM Component 3 Para end---


--- GMM Component 4 Para begin---
simple size: 43913
coefs: 0.225744

mean: (219.154,214.226,186.223)

cov:
526.669,403.869,620.237;
403.869,576.818,496.423;
620.237,496.423,1080.78;

det: 4.90603e+07

cov inverse:
0.00768397,-0.00262113,-0.00320573;
-0.00262113,0.00376107,-0.000223319;
-0.00320573,-0.000223319,0.00286754;
--- GMM Component 4 Para end---


--- GMM Component 0 Para begin---
simple size: 21357
coefs: 0.469653

mean: (15.4224,13.1687,24.5125)

cov:
15.1957,14.3842,20.3848;
14.3842,19.0826,24.8742;
20.3848,24.8742,38.394;

det: 444.933

cov inverse:
0.256058,-0.101614,-0.0701179;
-0.101614,0.377325,-0.190506;
-0.0701179,-0.190506,0.186697;
--- GMM Component 0 Para end---


--- GMM Component 1 Para begin---
simple size: 16048
coefs: 0.352905

mean: (25.4642,20.7863,35.0276)

cov:
31.9289,23.0792,24.1106;
23.0792,26.3245,23.0048;
24.1106,23.0048,39.1542;

det: 5455.85

cov inverse:
0.0919179,-0.0639657,-0.0190191;
-0.0639657,0.122589,-0.0326375;
-0.0190191,-0.0326375,0.0564277;
--- GMM Component 1 Para end---


--- GMM Component 2 Para begin---
simple size: 1931
coefs: 0.0424638

mean: (125.88,96.494,100.457)

cov:
691.078,333.76,64.2318;
333.76,509.959,349.015;
64.2318,349.015,566.651;

det: 6.52566e+07

cov inverse:
0.00256154,-0.00255464,0.00128311;
-0.00255464,0.0059377,-0.00336761;
0.00128311,-0.00336761,0.00369351;
--- GMM Component 2 Para end---


--- GMM Component 3 Para begin---
simple size: 3718
coefs: 0.081761

mean: (61.0164,45.6993,57.9944)

cov:
437.103,289.145,201.331;
289.145,310.039,251.748;
201.331,251.748,371.448;

det: 8.32434e+06

cov inverse:
0.00622108,-0.0068135,0.00124591;
-0.0068135,0.014635,-0.00622584;
0.00124591,-0.00622584,0.00623641;
--- GMM Component 3 Para end---


--- GMM Component 4 Para begin---
simple size: 2420
coefs: 0.0532172

mean: (213.953,199.083,214.621)

cov:
1209.79,1383.46,1206.29;
1383.46,1743.76,1625.73;
1206.29,1625.73,1846.38;

det: 5.25258e+07

cov inverse:
0.0109783,-0.0112951,0.00277286;
-0.0112951,0.014823,-0.00567217;
0.00277286,-0.00567217,0.00372434;
--- GMM Component 4 Para end---

  === GMM Dispatch and Learn DURATION: 62ms ===
--- Generate Graph ... ---
  === GMM GenerateGraph TRAIN DURATION: 124ms ===
--- Maxflow ... ---
$$$ Max Flow Energy: 1.32536e+06 $$$
  === GMM MaxFlow DURATION: 31ms ===

------------ Start Train 3------------


--- GMM Component 0 Para begin---
simple size: 61345
coefs: 0.314674

mean: (101.355,86.7492,78.3634)

cov:
316.993,213.955,243.381;
213.955,236.455,200.286;
243.381,200.286,266.888;

det: 1.9238e+06

cov inverse:
0.0119517,-0.00434361,-0.00763934;
-0.00434361,0.0131861,-0.00593446;
-0.00763934,-0.00593446,0.0151669;
--- GMM Component 0 Para end---


--- GMM Component 1 Para begin---
simple size: 57145
coefs: 0.293129

mean: (153.809,150.478,126.702)

cov:
526.509,352.878,456.418;
352.878,472.874,304.673;
456.418,304.673,576.326;

det: 2.24834e+07

cov inverse:
0.00799276,-0.00286055,-0.0048176;
-0.00286055,0.00423085,2.87658e-05;
-0.0048176,2.87658e-05,0.00553518;
--- GMM Component 1 Para end---


--- GMM Component 2 Para begin---
simple size: 3515
coefs: 0.0180304

mean: (41.5468,30.5698,16.4893)

cov:
123.74,87.9208,45.974;
87.9208,102.855,48.78;
45.974,48.78,56.7802;

det: 166255

cov inverse:
0.0208153,-0.0165382,-0.00264578;
-0.0165382,0.0295474,-0.0119936;
-0.00264578,-0.0119936,0.0300577;
--- GMM Component 2 Para end---


--- GMM Component 3 Para begin---
simple size: 29356
coefs: 0.150584

mean: (66.2483,51.8435,45.0039)

cov:
121.106,86.0615,51.2059;
86.0615,78.2674,42.7252;
51.2059,42.7252,87.9698;

det: 132557

cov inverse:
0.0381702,-0.0406093,-0.00249518;
-0.0406093,0.0605905,-0.00578957;
-0.00249518,-0.00578957,0.0156318;
--- GMM Component 3 Para end---


--- GMM Component 4 Para begin---
simple size: 43587
coefs: 0.223583

mean: (219.773,215.12,186.538)

cov:
537.107,400.644,661.763;
400.644,565.465,520.938;
661.763,520.938,1164.04;

det: 4.95308e+07

cov inverse:
0.00781019,-0.00245556,-0.00334122;
-0.00245556,0.00378109,-0.000296137;
-0.00334122,-0.000296137,0.00289112;
--- GMM Component 4 Para end---


--- GMM Component 0 Para begin---
simple size: 24972
coefs: 0.554293

mean: (16.3885,14.2813,26.0059)

cov:
17.0345,16.2711,22.8845;
16.2711,18.5783,24.7316;
22.8845,24.7316,37.2487;

det: 195.89

cov inverse:
0.410245,-0.204746,-0.1161;
-0.204746,0.565692,-0.249807;
-0.1161,-0.249807,0.264036;
--- GMM Component 0 Para end---


--- GMM Component 1 Para begin---
simple size: 11381
coefs: 0.252619

mean: (26.4416,21.2994,35.4586)

cov:
28.8585,24.5755,25.4679;
24.5755,30.2957,29.3401;
25.4679,29.3401,43.2115;

det: 3915.83

cov inverse:
0.114479,-0.080369,-0.0129017;
-0.080369,0.152817,-0.056393;
-0.0129017,-0.056393,0.0690361;
--- GMM Component 1 Para end---


--- GMM Component 2 Para begin---
simple size: 2053
coefs: 0.0455696

mean: (131.383,98.3848,99.981)

cov:
706.794,330.575,60.5138;
330.575,459.285,345.726;
60.5138,345.726,551.945;

det: 4.65254e+07

cov inverse:
0.00287958,-0.00347204,0.0018591;
-0.00347204,0.00830619,-0.00482215;
0.0018591,-0.00482215,0.00462844;
--- GMM Component 2 Para end---


--- GMM Component 3 Para begin---
simple size: 4840
coefs: 0.107431

mean: (52.7058,38.9215,53.0822)

cov:
502.793,404.944,348.995;
404.944,437.723,393.961;
348.995,393.961,526.323;

det: 9.53117e+06

cov inverse:
0.00788763,-0.00793616,0.000710199;
-0.00793616,0.014986,-0.00595492;
0.000710199,-0.00595492,0.00588641;
--- GMM Component 3 Para end---


--- GMM Component 4 Para begin---
simple size: 1806
coefs: 0.040087

mean: (209.069,195.721,218.266)

cov:
1229.89,1314.22,1066.73;
1314.22,1462.53,1229.59;
1066.73,1229.59,1226.03;

det: 1.16355e+07

cov inverse:
0.0241683,-0.0257502,0.00479689;
-0.0257502,0.0317955,-0.00948337;
0.00479689,-0.00948337,0.00615293;
--- GMM Component 4 Para end---

  === GMM Dispatch and Learn DURATION: 62ms ===
--- Generate Graph ... ---
  === GMM GenerateGraph TRAIN DURATION: 135ms ===
--- Maxflow ... ---
$$$ Max Flow Energy: 1.31156e+06 $$$
  === GMM MaxFlow DURATION: 31ms ===
===== GMM TRAIN DURATION: 869ms =====
===== GMM TOTAL DURATION: 885ms =====
generateTenColorImage...
generateHandledImage...
hello1
hello2
Advance: Begin Dragging Left  90 180
Advance: Move  Dragging Left  89 180
Advance: Move  Dragging Left  89 181
Advance: Move  Dragging Left  88 181
Advance: Move  Dragging Left  88 182
Advance: Move  Dragging Left  88 183
Advance: Move  Dragging Left  87 183
Advance: Move  Dragging Left  87 184
Advance: Move  Dragging Left  86 184
Advance: Move  Dragging Left  86 185
Advance: Move  Dragging Left  85 186
Advance: Move  Dragging Left  85 187
Advance: Move  Dragging Left  84 187
Advance: Move  Dragging Left  84 188
Advance: Move  Dragging Left  83 188
Advance: Move  Dragging Left  83 189
Advance: Move  Dragging Left  82 189
Advance: Move  Dragging Left  82 190
Advance: Move  Dragging Left  81 191
Advance: Move  Dragging Left  81 192
Advance: Move  Dragging Left  80 193
Advance: Move  Dragging Left  79 194
Advance: Move  Dragging Left  79 195
Advance: Move  Dragging Left  78 196
Advance: Move  Dragging Left  78 197
Advance: Move  Dragging Left  77 198
Advance: Move  Dragging Left  77 199
Advance: Move  Dragging Left  77 200
Advance: Move  Dragging Left  76 201
Advance: Move  Dragging Left  76 202
Advance: Move  Dragging Left  76 203
Advance: Move  Dragging Left  76 204
Advance: Move  Dragging Left  76 205
Advance: Move  Dragging Left  76 206
Advance: Move  Dragging Left  76 207
Advance: Move  Dragging Left  76 208
Advance: Move  Dragging Left  76 209
Advance: Move  Dragging Left  76 210
Advance: Move  Dragging Left  76 211
Advance: Move  Dragging Left  76 212
Advance: Move  Dragging Left  76 213
Advance: Move  Dragging Left  77 213
Advance: Move  Dragging Left  77 214
Advance: Move  Dragging Left  77 215
Advance: Move  Dragging Left  78 215
Advance: Move  Dragging Left  78 216
Advance: Move  Dragging Left  79 217
Advance: Move  Dragging Left  79 218
Advance: Move  Dragging Left  80 218
Advance: Move  Dragging Left  80 219
Advance: Move  Dragging Left  80 220
Advance: Move  Dragging Left  81 220
Advance: Move  Dragging Left  81 221
Advance: Move  Dragging Left  82 221
Advance: Move  Dragging Left  82 222
Advance: Move  Dragging Left  83 222
Advance: Move  Dragging Left  83 223
Advance: Move  Dragging Left  84 223
Advance: Move  Dragging Left  84 224
Advance: Move  Dragging Left  85 224
Advance: Move  Dragging Left  86 225
Advance: Move  Dragging Left  86 226
Advance: Move  Dragging Left  87 226
Advance: Move  Dragging Left  87 227
Advance: Move  Dragging Left  88 227
Advance: Move  Dragging Left  89 228
Advance: Move  Dragging Left  90 229
Advance: Move  Dragging Left  91 229
Advance: Move  Dragging Left  91 230
Advance: Move  Dragging Left  92 230
Advance: Move  Dragging Left  94 232
Advance: Move  Dragging Left  95 232
Advance: Move  Dragging Left  96 233
Advance: Move  Dragging Left  97 233
Advance: Move  Dragging Left  97 234
Advance: Move  Dragging Left  98 234
Advance: Move  Dragging Left  99 235
Advance: Move  Dragging Left  100 235
Advance: Move  Dragging Left  100 236
Advance: Move  Dragging Left  101 236
Advance: Move  Dragging Left  102 237
Advance: Move  Dragging Left  103 237
Advance: Move  Dragging Left  104 238
Advance: Move  Dragging Left  105 238
Advance: Move  Dragging Left  105 239
Advance: Move  Dragging Left  106 239
Advance: Move  Dragging Left  107 239
Advance: Move  Dragging Left  107 240
Advance: Move  Dragging Left  108 240
Advance: Move  Dragging Left  109 241
Advance: Move  Dragging Left  110 241
Advance: Move  Dragging Left  110 242
Advance: Move  Dragging Left  111 242
Advance: Move  Dragging Left  112 243
Advance: Move  Dragging Left  113 243
Advance: Move  Dragging Left  113 244
Advance: Move  Dragging Left  114 244
Advance: Move  Dragging Left  114 245
Advance: Move  Dragging Left  114 246
Advance: Move  Dragging Left  114 247
Advance: Move  Dragging Left  114 248
Advance: Move  Dragging Left  114 249
Advance: Move  Dragging Left  114 250
Advance: Move  Dragging Left  113 250
Advance: Move  Dragging Left  113 251
Advance: Move  Dragging Left  112 251
Advance: Move  Dragging Left  112 252
Advance: Move  Dragging Left  111 252
Advance: Move  Dragging Left  111 253
Advance: Move  Dragging Left  110 253
Advance: Move  Dragging Left  110 254
Advance: Move  Dragging Left  109 254
Advance: Move  Dragging Left  108 255
Advance: Move  Dragging Left  107 255
Advance: Move  Dragging Left  107 256
Advance: Move  Dragging Left  106 256
Advance: Move  Dragging Left  105 257
Advance: Move  Dragging Left  104 257
Advance: Move  Dragging Left  103 258
Advance: Move  Dragging Left  102 259
Advance: Move  Dragging Left  101 259
Advance: Move  Dragging Left  100 260
Advance: Move  Dragging Left  99 260
Advance: Move  Dragging Left  99 261
Advance: Move  Dragging Left  98 261
Advance: Move  Dragging Left  97 261
Advance: Move  Dragging Left  97 262
Advance: Move  Dragging Left  96 262
Advance: Move  Dragging Left  95 262
Advance: Move  Dragging Left  95 263
Advance: Move  Dragging Left  94 263
Advance: Move  Dragging Left  93 264
Advance: Move  Dragging Left  92 264
Advance: Move  Dragging Left  91 265
Advance: Move  Dragging Left  90 265
Advance: Move  Dragging Left  90 266
Advance: Move  Dragging Left  89 266
Advance: Move  Dragging Left  88 266
Advance: Move  Dragging Left  88 267
Advance: Move  Dragging Left  87 267
Advance: Move  Dragging Left  87 268
Advance: Move  Dragging Left  86 268
Advance: Move  Dragging Left  85 269
Advance: Move  Dragging Left  84 269
Advance: Move  Dragging Left  84 270
Advance: Move  Dragging Left  83 270
Advance: Move  Dragging Left  82 271
Advance: Move  Dragging Left  81 272
Advance: Move  Dragging Left  80 273
Advance: Move  Dragging Left  79 274
Advance: Move  Dragging Left  78 275
Advance: Move  Dragging Left  78 276
Advance: Move  Dragging Left  77 276
Advance: Move  Dragging Left  77 277
Advance: Move  Dragging Left  77 278
Advance: Move  Dragging Left  76 278
Advance: Move  Dragging Left  76 279
Advance: Move  Dragging Left  76 280
Advance: Move  Dragging Left  76 281
Advance: Move  Dragging Left  76 282
Advance: Move  Dragging Left  75 282
Advance: Move  Dragging Left  75 283
Advance: Move  Dragging Left  75 284
Advance: Move  Dragging Left  75 285
Advance: Move  Dragging Left  75 286
Advance: Move  Dragging Left  75 287
Advance: Move  Dragging Left  76 288
Advance: Move  Dragging Left  76 289
Advance: Move  Dragging Left  76 290
Advance: Move  Dragging Left  77 290
Advance: Move  Dragging Left  77 291
Advance: Move  Dragging Left  78 291
Advance: Move  Dragging Left  78 292
Advance: Move  Dragging Left  79 293
Advance: Move  Dragging Left  79 294
Advance: Move  Dragging Left  80 294
Advance: Move  Dragging Left  80 295
Advance: Move  Dragging Left  81 295
Advance: Move  Dragging Left  81 296
Advance: Move  Dragging Left  82 296
Advance: Move  Dragging Left  82 297
Advance: Move  Dragging Left  83 297
Advance: Move  Dragging Left  83 298
Advance: Move  Dragging Left  84 298
Advance: Move  Dragging Left  84 299
Advance: Move  Dragging Left  85 299
Advance: Move  Dragging Left  85 300
Advance: Move  Dragging Left  86 300
Advance: Move  Dragging Left  86 301
Advance: Move  Dragging Left  87 301
Advance: Move  Dragging Left  87 302
Advance: Move  Dragging Left  88 302
Advance: Move  Dragging Left  88 303
Advance: Move  Dragging Left  88 304
Advance: Move  Dragging Left  88 305
Advance: Move  Dragging Left  88 306
Advance: Move  Dragging Left  88 307
Advance: Move  Dragging Left  88 308
Advance: Move  Dragging Left  88 309
Advance: Move  Dragging Left  87 309
Advance: Move  Dragging Left  87 310
Advance: Move  Dragging Left  87 311
Advance: End   Dragging Left  87 311
Advance: Begin Dragging Right 111 296
Advance: Move  Dragging Right 110 296
Advance: Move  Dragging Right 109 296
Advance: Move  Dragging Right 108 296
Advance: Move  Dragging Right 107 296
Advance: Move  Dragging Right 106 296
Advance: Move  Dragging Right 105 295
Advance: Move  Dragging Right 104 295
Advance: Move  Dragging Right 104 294
Advance: Move  Dragging Right 103 294
Advance: Move  Dragging Right 102 293
Advance: Move  Dragging Right 101 293
Advance: Move  Dragging Right 100 293
Advance: Move  Dragging Right 100 292
Advance: Move  Dragging Right 99 292
Advance: Move  Dragging Right 98 291
Advance: Move  Dragging Right 97 291
Advance: Move  Dragging Right 96 290
Advance: Move  Dragging Right 95 289
Advance: Move  Dragging Right 94 289
Advance: Move  Dragging Right 93 288
Advance: Move  Dragging Right 92 288
Advance: Move  Dragging Right 91 287
Advance: Move  Dragging Right 90 287
Advance: Move  Dragging Right 89 286
Advance: Move  Dragging Right 88 285
Advance: Move  Dragging Right 87 285
Advance: Move  Dragging Right 86 284
Advance: Move  Dragging Right 85 284
Advance: Move  Dragging Right 83 282
Advance: Move  Dragging Right 82 282
Advance: Move  Dragging Right 80 281
Advance: Move  Dragging Right 79 280
Advance: Move  Dragging Right 78 280
Advance: Move  Dragging Right 77 279
Advance: Move  Dragging Right 76 278
Advance: Move  Dragging Right 75 278
Advance: Move  Dragging Right 74 277
Advance: Move  Dragging Right 73 276
Advance: Move  Dragging Right 71 276
Advance: Move  Dragging Right 70 275
Advance: Move  Dragging Right 69 274
Advance: Move  Dragging Right 68 273
Advance: Move  Dragging Right 67 273
Advance: Move  Dragging Right 66 272
Advance: Move  Dragging Right 65 271
Advance: Move  Dragging Right 64 271
Advance: Move  Dragging Right 63 270
Advance: Move  Dragging Right 61 269
Advance: Move  Dragging Right 60 269
Advance: Move  Dragging Right 59 268
Advance: Move  Dragging Right 58 267
Advance: Move  Dragging Right 57 267
Advance: Move  Dragging Right 56 266
Advance: Move  Dragging Right 55 265
Advance: Move  Dragging Right 54 265
Advance: Move  Dragging Right 53 264
Advance: Move  Dragging Right 52 263
Advance: Move  Dragging Right 51 262
Advance: Move  Dragging Right 50 261
Advance: Move  Dragging Right 49 261
Advance: Move  Dragging Right 47 259
Advance: Move  Dragging Right 46 259
Advance: Move  Dragging Right 45 258
Advance: Move  Dragging Right 44 257
Advance: Move  Dragging Right 43 256
Advance: Move  Dragging Right 42 256
Advance: Move  Dragging Right 42 255
Advance: Move  Dragging Right 41 255
Advance: Move  Dragging Right 41 254
Advance: Move  Dragging Right 40 254
Advance: Move  Dragging Right 40 253
Advance: Move  Dragging Right 39 253
Advance: Move  Dragging Right 39 252
Advance: Move  Dragging Right 38 251
Advance: Move  Dragging Right 38 250
Advance: Move  Dragging Right 37 250
Advance: Move  Dragging Right 37 249
Advance: Move  Dragging Right 36 248
Advance: Move  Dragging Right 36 247
Advance: Move  Dragging Right 36 246
Advance: Move  Dragging Right 36 245
Advance: Move  Dragging Right 36 244
Advance: Move  Dragging Right 36 243
Advance: Move  Dragging Right 36 242
Advance: Move  Dragging Right 36 241
Advance: Move  Dragging Right 36 240
Advance: Move  Dragging Right 36 239
Advance: Move  Dragging Right 36 238
Advance: Move  Dragging Right 37 238
Advance: Move  Dragging Right 37 237
Advance: Move  Dragging Right 38 236
Advance: Move  Dragging Right 38 235
Advance: Move  Dragging Right 39 235
Advance: Move  Dragging Right 39 234
Advance: Move  Dragging Right 40 233
Advance: Move  Dragging Right 41 232
Advance: Move  Dragging Right 42 231
Advance: Move  Dragging Right 42 230
Advance: Move  Dragging Right 43 230
Advance: Move  Dragging Right 43 229
Advance: Move  Dragging Right 44 229
Advance: Move  Dragging Right 45 228
Advance: Move  Dragging Right 46 227
Advance: Move  Dragging Right 47 226
Advance: Move  Dragging Right 48 226
Advance: Move  Dragging Right 48 225
Advance: Move  Dragging Right 49 225
Advance: Move  Dragging Right 50 224
Advance: Move  Dragging Right 51 223
Advance: Move  Dragging Right 52 223
Advance: Move  Dragging Right 52 222
Advance: Move  Dragging Right 53 222
Advance: Move  Dragging Right 54 221
Advance: Move  Dragging Right 55 221
Advance: Move  Dragging Right 56 220
Advance: Move  Dragging Right 57 219
Advance: Move  Dragging Right 59 218
Advance: Move  Dragging Right 60 218
Advance: Move  Dragging Right 61 217
Advance: Move  Dragging Right 62 217
Advance: Move  Dragging Right 63 216
Advance: Move  Dragging Right 64 216
Advance: Move  Dragging Right 65 215
Advance: Move  Dragging Right 66 215
Advance: Move  Dragging Right 65 215
Advance: Move  Dragging Right 64 215
Advance: Move  Dragging Right 63 215
Advance: Move  Dragging Right 62 215
Advance: Move  Dragging Right 61 215
Advance: Move  Dragging Right 60 215
Advance: Move  Dragging Right 60 214
Advance: Move  Dragging Right 59 214
Advance: Move  Dragging Right 58 214
Advance: Move  Dragging Right 58 213
Advance: Move  Dragging Right 57 213
Advance: Move  Dragging Right 56 213
Advance: Move  Dragging Right 55 212
Advance: Move  Dragging Right 54 212
Advance: Move  Dragging Right 54 211
Advance: Move  Dragging Right 53 211
Advance: Move  Dragging Right 52 211
Advance: Move  Dragging Right 52 210
Advance: Move  Dragging Right 51 210
Advance: Move  Dragging Right 51 209
Advance: Move  Dragging Right 50 209
Advance: Move  Dragging Right 50 208
Advance: Move  Dragging Right 49 207
Advance: Move  Dragging Right 49 206
Advance: Move  Dragging Right 49 205
Advance: Move  Dragging Right 49 204
Advance: Move  Dragging Right 49 203
Advance: Move  Dragging Right 49 202
Advance: Move  Dragging Right 49 201
Advance: Move  Dragging Right 49 200
Advance: Move  Dragging Right 49 199
Advance: Move  Dragging Right 49 198
Advance: Move  Dragging Right 50 198
Advance: Move  Dragging Right 50 197
Advance: Move  Dragging Right 50 196
Advance: Move  Dragging Right 51 196
Advance: Move  Dragging Right 51 195
Advance: Move  Dragging Right 52 194
Advance: Move  Dragging Right 52 193
Advance: Move  Dragging Right 53 193
Advance: Move  Dragging Right 53 192
Advance: Move  Dragging Right 54 192
Advance: Move  Dragging Right 54 191
Advance: Move  Dragging Right 55 191
Advance: Move  Dragging Right 55 190
Advance: Move  Dragging Right 56 189
Advance: Move  Dragging Right 57 188
Advance: Move  Dragging Right 58 187
Advance: Move  Dragging Right 59 187
Advance: Move  Dragging Right 59 186
Advance: Move  Dragging Right 60 186
Advance: Move  Dragging Right 61 185
Advance: Move  Dragging Right 61 184
Advance: Move  Dragging Right 62 184
Advance: Move  Dragging Right 63 183
Advance: Move  Dragging Right 64 182
Advance: Move  Dragging Right 65 181
Advance: Move  Dragging Right 66 181
Advance: Move  Dragging Right 67 180
Advance: Move  Dragging Right 68 180
Advance: Move  Dragging Right 68 179
Advance: Move  Dragging Right 69 179
Advance: Move  Dragging Right 70 178
Advance: Move  Dragging Right 71 178
Advance: Move  Dragging Right 72 177
Advance: Move  Dragging Right 73 177
Advance: Move  Dragging Right 73 176
Advance: Move  Dragging Right 74 176
Advance: Move  Dragging Right 75 176
Advance: Move  Dragging Right 76 175
Advance: Move  Dragging Right 77 174
Advance: Move  Dragging Right 78 174
Advance: Move  Dragging Right 79 174
Advance: Move  Dragging Right 79 173
Advance: Move  Dragging Right 80 173
Advance: Move  Dragging Right 81 173
Advance: Move  Dragging Right 81 172
Advance: Move  Dragging Right 82 172
Advance: Move  Dragging Right 83 172
Advance: Move  Dragging Right 83 171
Advance: Move  Dragging Right 84 171
Advance: Move  Dragging Right 85 171
Advance: Move  Dragging Right 85 170
Advance: Move  Dragging Right 85 169
Advance: Move  Dragging Right 85 168
Advance: Move  Dragging Right 85 167
Advance: Move  Dragging Right 85 166
Advance: Move  Dragging Right 85 165
Advance: Move  Dragging Right 85 164
Advance: Move  Dragging Right 85 163
Advance: Move  Dragging Right 85 162
Advance: Move  Dragging Right 85 161
Advance: Move  Dragging Right 85 160
Advance: Move  Dragging Right 84 160
Advance: Move  Dragging Right 84 159
Advance: Move  Dragging Right 84 158
Advance: Move  Dragging Right 83 157
Advance: Move  Dragging Right 83 156
Advance: Move  Dragging Right 82 156
Advance: Move  Dragging Right 82 155
Advance: Move  Dragging Right 81 155
Advance: Move  Dragging Right 81 154
Advance: Move  Dragging Right 80 154
Advance: Move  Dragging Right 79 153
Advance: Move  Dragging Right 78 153
Advance: Move  Dragging Right 78 152
Advance: Move  Dragging Right 77 152
Advance: Move  Dragging Right 76 152
Advance: Move  Dragging Right 76 151
Advance: Move  Dragging Right 75 151
Advance: Move  Dragging Right 74 151
Advance: Move  Dragging Right 74 150
Advance: Move  Dragging Right 73 150
Advance: Move  Dragging Right 72 150
Advance: Move  Dragging Right 72 149
Advance: Move  Dragging Right 71 149
Advance: Move  Dragging Right 70 149
Advance: Move  Dragging Right 70 148
Advance: Move  Dragging Right 69 148
Advance: Move  Dragging Right 68 148
Advance: Move  Dragging Right 68 147
Advance: Move  Dragging Right 67 147
Advance: Move  Dragging Right 66 147
Advance: Move  Dragging Right 66 146
Advance: Move  Dragging Right 65 146
Advance: Move  Dragging Right 64 146
Advance: Move  Dragging Right 64 145
Advance: Move  Dragging Right 63 145
Advance: Move  Dragging Right 62 144
Advance: Move  Dragging Right 61 144
Advance: Move  Dragging Right 61 143
Advance: Move  Dragging Right 60 143
Advance: Move  Dragging Right 60 142
Advance: Move  Dragging Right 59 141
Advance: Move  Dragging Right 59 140
Advance: Move  Dragging Right 59 139
Advance: Move  Dragging Right 59 138
Advance: Move  Dragging Right 59 137
Advance: Move  Dragging Right 60 137
Advance: Move  Dragging Right 60 136
Advance: Move  Dragging Right 61 136
Advance: Move  Dragging Right 62 136
Advance: Move  Dragging Right 62 135
Advance: Move  Dragging Right 63 135
Advance: Move  Dragging Right 64 134
Advance: Move  Dragging Right 65 134
Advance: Move  Dragging Right 66 134
Advance: Move  Dragging Right 66 133
Advance: Move  Dragging Right 67 133
Advance: Move  Dragging Right 68 133
Advance: Move  Dragging Right 69 133
Advance: Move  Dragging Right 69 134
Advance: Move  Dragging Right 70 134
Advance: Move  Dragging Right 70 135
Advance: Move  Dragging Right 71 135
Advance: Move  Dragging Right 72 135
Advance: Move  Dragging Right 72 136
Advance: Move  Dragging Right 73 136
Advance: Move  Dragging Right 74 136
Advance: Move  Dragging Right 74 137
Advance: Move  Dragging Right 75 137
Advance: End   Dragging Right 75 137
Advance: Begin Dragging Left  63 264
Advance: Move  Dragging Left  62 264
Advance: Move  Dragging Left  62 265
Advance: Move  Dragging Left  62 266
Advance: Move  Dragging Left  62 267
Advance: Move  Dragging Left  61 267
Advance: Move  Dragging Left  61 268
Advance: Move  Dragging Left  61 269
Advance: Move  Dragging Left  61 270
Advance: Move  Dragging Left  60 270
Advance: Move  Dragging Left  60 271
Advance: Move  Dragging Left  60 272
Advance: Move  Dragging Left  59 272
Advance: Move  Dragging Left  59 273
Advance: Move  Dragging Left  59 274
Advance: Move  Dragging Left  58 274
Advance: Move  Dragging Left  58 275
Advance: Move  Dragging Left  57 276
Advance: Move  Dragging Left  57 277
Advance: Move  Dragging Left  56 277
Advance: Move  Dragging Left  56 278
Advance: Move  Dragging Left  56 279
Advance: Move  Dragging Left  55 279
Advance: Move  Dragging Left  55 280
Advance: Move  Dragging Left  54 281
Advance: Move  Dragging Left  54 282
Advance: Move  Dragging Left  53 282
Advance: Move  Dragging Left  53 283
Advance: Move  Dragging Left  53 284
Advance: Move  Dragging Left  52 284
Advance: Move  Dragging Left  52 285
Advance: Move  Dragging Left  51 285
Advance: Move  Dragging Left  51 286
Advance: Move  Dragging Left  51 287
Advance: Move  Dragging Left  50 287
Advance: Move  Dragging Left  50 288
Advance: Move  Dragging Left  49 289
Advance: Move  Dragging Left  49 290
Advance: Move  Dragging Left  48 290
Advance: Move  Dragging Left  48 291
Advance: Move  Dragging Left  47 291
Advance: Move  Dragging Left  47 292
Advance: Move  Dragging Left  47 293
Advance: Move  Dragging Left  46 293
Advance: Move  Dragging Left  46 294
Advance: Move  Dragging Left  45 294
Advance: Move  Dragging Left  45 295
Advance: Move  Dragging Left  45 296
Advance: Move  Dragging Left  44 296
Advance: Move  Dragging Left  44 297
Advance: Move  Dragging Left  43 297
Advance: Move  Dragging Left  43 298
Advance: Move  Dragging Left  43 299
Advance: Move  Dragging Left  42 299
Advance: Move  Dragging Left  42 300
Advance: Move  Dragging Left  41 300
Advance: Move  Dragging Left  41 301
Advance: Move  Dragging Left  41 302
Advance: Move  Dragging Left  40 302
Advance: Move  Dragging Left  40 303
Advance: Move  Dragging Left  40 304
Advance: Move  Dragging Left  39 304
Advance: Move  Dragging Left  39 305
Advance: Move  Dragging Left  39 306
Advance: Move  Dragging Left  38 306
Advance: Move  Dragging Left  38 307
Advance: Move  Dragging Left  38 308
Advance: Move  Dragging Left  38 309
Advance: Move  Dragging Left  37 309
Advance: Move  Dragging Left  37 310
Advance: Move  Dragging Left  37 311
Advance: Move  Dragging Left  37 312
Advance: Move  Dragging Left  37 313
Advance: Move  Dragging Left  37 314
Advance: Move  Dragging Left  37 315
Advance: Move  Dragging Left  37 316
Advance: Move  Dragging Left  37 317
Advance: Move  Dragging Left  37 318
Advance: Move  Dragging Left  37 319
Advance: Move  Dragging Left  37 320
Advance: Move  Dragging Left  37 321
Advance: Move  Dragging Left  37 322
Advance: Move  Dragging Left  37 323
Advance: Move  Dragging Left  37 324
Advance: Move  Dragging Left  37 325
Advance: Move  Dragging Left  37 326
Advance: Move  Dragging Left  38 326
Advance: Move  Dragging Left  38 327
Advance: Move  Dragging Left  38 328
Advance: Move  Dragging Left  38 329
Advance: Move  Dragging Left  38 330
Advance: Move  Dragging Left  39 330
Advance: Move  Dragging Left  39 331
Advance: Move  Dragging Left  39 332
Advance: Move  Dragging Left  39 333
Advance: Move  Dragging Left  39 334
Advance: Move  Dragging Left  39 335
Advance: Move  Dragging Left  39 336
Advance: Move  Dragging Left  39 337
Advance: Move  Dragging Left  39 338
Advance: Move  Dragging Left  38 338
Advance: Move  Dragging Left  38 339
Advance: Move  Dragging Left  38 340
Advance: Move  Dragging Left  37 340
Advance: Move  Dragging Left  37 341
Advance: Move  Dragging Left  37 342
Advance: Move  Dragging Left  36 342
Advance: Move  Dragging Left  36 343
Advance: Move  Dragging Left  36 344
Advance: Move  Dragging Left  35 344
Advance: Move  Dragging Left  35 345
Advance: Move  Dragging Left  34 345
Advance: Move  Dragging Left  34 346
Advance: Move  Dragging Left  34 347
Advance: Move  Dragging Left  33 347
Advance: Move  Dragging Left  33 348
Advance: Move  Dragging Left  32 348
Advance: Move  Dragging Left  32 349
Advance: Move  Dragging Left  32 350
Advance: Move  Dragging Left  31 350
Advance: Move  Dragging Left  31 351
Advance: Move  Dragging Left  31 352
Advance: Move  Dragging Left  30 352
Advance: End   Dragging Left  30 352
OutputSwitcher Destructed
