read new image: ex3.jpg at D:\Code\C\clionCpp\GrabCut\test_textures\ex3.jpg
Image Size: 600*400
--------------- initGrabCut ---------------

Rect: From (52,39) To (591,288)

initByKmeans bkGMM with 106576 bkSamples
Init RGB: (R:209,G:185,B:183) (R:53,G:55,B:44) (R:140,G:121,B:106) (R:120,G:103,B:95) (R:76,G:57,B:61) 
--- Begin K-Means Iteration ---
{size: 22887, mean: (203.71,200.855,170.697)} {size: 14658, mean: (56.1353,44.8075,32.7292)} {size: 21679, mean: (145.937,138.351,118.866)} {size: 23097, mean: (112.116,98.4989,86.9198)} {size: 24255, mean: (84.5973,70.0245,59.8899)} 
{size: 20657, mean: (207.235,204.679,173.494)} {size: 15096, mean: (56.7246,44.6597,33.1289)} {size: 22267, mean: (149.619,142.726,122.825)} {size: 24350, mean: (113.519,99.8554,88.1377)} {size: 24206, mean: (84.9967,70.8397,60.2544)} 
{size: 19124, mean: (209.769,207.254,175.658)} {size: 15485, mean: (57.0991,44.9607,33.4616)} {size: 22161, mean: (152.809,146.536,125.811)} {size: 25220, mean: (115.089,101.565,89.6462)} {size: 24586, mean: (85.6428,71.5015,60.8954)} 
--- End   K-Means Iteration ---
initByKmeans frGMM with 133424 frSamples
Init RGB: (R:32,G:25,B:41) (R:55,G:41,B:41) (R:10,G:0,B:14) (R:116,G:133,B:114) (R:203,G:159,B:158) 
--- Begin K-Means Iteration ---
{size: 23695, mean: (23.7068,19.8875,33.5527)} {size: 24231, mean: (73.4519,59.1728,57.8)} {size: 14560, mean: (13.8869,10.8736,21.4567)} {size: 27663, mean: (126.512,120.423,102.202)} {size: 43275, mean: (206.954,199.844,178.114)} 
{size: 24783, mean: (25.2291,20.9853,34.0207)} {size: 25673, mean: (77.7679,63.3664,61.3376)} {size: 14972, mean: (13.994,11.0307,21.6044)} {size: 28330, mean: (134.507,128.459,108.607)} {size: 39666, mean: (210.696,203.993,182.144)} 
{size: 23421, mean: (27.3084,22.4985,35.0865)} {size: 27007, mean: (81.2615,66.9273,64.1916)} {size: 17497, mean: (14.5953,11.7586,22.6159)} {size: 28922, mean: (141.062,135.629,113.997)} {size: 36577, mean: (214.068,207.235,185.771)} 
--- End   K-Means Iteration ---

--- GMM Component 0 Para begin---
simple size: 19124
coefs: 0.17944

mean: (209.769,207.254,175.658)

cov:
540.422,472.33,457.232;
472.33,596.189,374.548;
457.232,374.548,632.71;

det: 2.40249e+07

cov inverse:
0.00986179,-0.00531085,-0.0039828;
-0.00531085,0.0055305,0.000564005;
-0.0039828,0.000564005,0.00412482;
--- GMM Component 0 Para end---


--- GMM Component 1 Para begin---
simple size: 15485
coefs: 0.145295

mean: (57.0991,44.9607,33.4616)

cov:
128.584,97.0403,83.7723;
97.0403,112.18,85.367;
83.7723,85.367,133.197;

det: 330642

cov inverse:
0.0231502,-0.0174632,-0.00336771;
-0.0174632,0.0305744,-0.00861221;
-0.00336771,-0.00861221,0.0151454;
--- GMM Component 1 Para end---


--- GMM Component 2 Para begin---
simple size: 22161
coefs: 0.207936

mean: (152.809,146.536,125.811)

cov:
226.178,172.543,157.425;
172.543,361.077,115.063;
157.425,115.063,255.679;

det: 7.57678e+06

cov inverse:
0.0104372,-0.00343181,-0.0048819;
-0.00343181,0.00436155,0.00015018;
-0.0048819,0.00015018,0.00684941;
--- GMM Component 2 Para end---


--- GMM Component 3 Para begin---
simple size: 25220
coefs: 0.236639

mean: (115.089,101.565,89.6462)

cov:
129.322,66.7513,76.1737;
66.7513,147.621,64.3048;
76.1737,64.3048,126.028;

det: 1.10701e+06

cov inverse:
0.0130704,-0.00317447,-0.00628029;
-0.00317447,0.00948108,-0.00291895;
-0.00628029,-0.00291895,0.0132201;
--- GMM Component 3 Para end---


--- GMM Component 4 Para begin---
simple size: 24586
coefs: 0.23069

mean: (85.6428,71.5015,60.8954)

cov:
94.8511,49.421,45.3056;
49.421,91.0096,43.71;
45.3056,43.71,102.4;

det: 461559

cov inverse:
0.0160517,-0.00667388,-0.00425309;
-0.00667388,0.0165962,-0.00413142;
-0.00425309,-0.00413142,0.0134109;
--- GMM Component 4 Para end---


--- GMM Component 0 Para begin---
simple size: 23421
coefs: 0.175538

mean: (27.3084,22.4985,35.0865)

cov:
95.4505,60.8533,35.4239;
60.8533,55.4886,26.6859;
35.4239,26.6859,44.2868;

det: 48009.3

cov inverse:
0.0363529,-0.0364447,-0.00711735;
-0.0364447,0.0619118,-0.00815499;
-0.00711735,-0.00815499,0.033187;
--- GMM Component 0 Para end---


--- GMM Component 1 Para begin---
simple size: 27007
coefs: 0.202415

mean: (81.2615,66.9273,64.1916)

cov:
275.646,188.467,160.395;
188.467,258.862,142.267;
160.395,142.267,205.544;

det: 3.72812e+06

cov inverse:
0.00884297,-0.00427005,-0.00394506;
-0.00427005,0.00829661,-0.00241037;
-0.00394506,-0.00241037,0.00961199;
--- GMM Component 1 Para end---


--- GMM Component 2 Para begin---
simple size: 17497
coefs: 0.131138

mean: (14.5953,11.7586,22.6159)

cov:
18.1617,11.6111,15.8614;
11.6111,19.4074,20.7558;
15.8614,20.7558,39.5633;

det: 3549.52

cov inverse:
0.0949473,-0.0366686,-0.0188283;
-0.0366686,0.131554,-0.0543153;
-0.0188283,-0.0543153,0.0613195;
--- GMM Component 2 Para end---


--- GMM Component 3 Para begin---
simple size: 28922
coefs: 0.216768

mean: (141.062,135.629,113.997)

cov:
471.053,366.718,301.799;
366.718,646.506,232.082;
301.799,232.082,427.701;

det: 3.98474e+07

cov inverse:
0.00558754,-0.0021784,-0.00276068;
-0.0021784,0.00277025,3.39311e-05;
-0.00276068,3.39311e-05,0.00426768;
--- GMM Component 3 Para end---


--- GMM Component 4 Para begin---
simple size: 36577
coefs: 0.274141

mean: (214.068,207.235,185.771)

cov:
736.565,609.206,815.582;
609.206,815.885,715.826;
815.582,715.826,1319.3;

det: 9.44034e+07

cov inverse:
0.00597429,-0.0023295,-0.00242932;
-0.0023295,0.00324754,-0.000321968;
-0.00242932,-0.000321968,0.00243445;
--- GMM Component 4 Para end---


--- INIT GMM COMPLETE ---

===== GMM INIT DURATION: 15ms =====
Beta: 0.000184789

------------ Start Train 1------------


--- GMM Component 0 Para begin---
simple size: 19282
coefs: 0.180923

mean: (209.492,207.155,174.813)

cov:
546.349,473.112,484.621;
473.112,592.041,387.698;
484.621,387.698,690.635;

det: 2.54212e+07

cov inverse:
0.0101716,-0.00546243,-0.00407104;
-0.00546243,0.00560441,0.000686892;
-0.00407104,0.000686892,0.00391901;
--- GMM Component 0 Para end---


--- GMM Component 1 Para begin---
simple size: 15660
coefs: 0.146937

mean: (57.4238,45.0001,33.7287)

cov:
130.944,100.833,86.8725;
100.833,108.268,87.4581;
86.8725,87.4581,136.051;

det: 259066

cov inverse:
0.0273329,-0.0236261,-0.00226523;
-0.0236261,0.0396354,-0.010393;
-0.00226523,-0.010393,0.0154776;
--- GMM Component 1 Para end---


--- GMM Component 2 Para begin---
simple size: 21659
coefs: 0.203226

mean: (152.578,146.965,126.012)

cov:
239.249,158.514,185.079;
158.514,327.299,121.836;
185.079,121.836,290.073;

det: 7.81189e+06

cov inverse:
0.0102532,-0.00299945,-0.00528212;
-0.00299945,0.004499,2.41148e-05;
-0.00528212,2.41148e-05,0.00680749;
--- GMM Component 2 Para end---


--- GMM Component 3 Para begin---
simple size: 25350
coefs: 0.237858

mean: (115.596,101.81,90.3206)

cov:
146.873,69.7707,91.6234;
69.7707,130.311,72.0691;
91.6234,72.0691,132.905;

det: 961345

cov inverse:
0.0126126,-0.00277699,-0.00718915;
-0.00277699,0.0115726,-0.00436094;
-0.00718915,-0.00436094,0.0148451;
--- GMM Component 3 Para end---


--- GMM Component 4 Para begin---
simple size: 24625
coefs: 0.231056

mean: (85.9536,71.6126,61.147)

cov:
102.79,51.4213,51.0836;
51.4213,83.1827,44.4109;
51.0836,44.4109,106.226;

det: 440908

cov inverse:
0.0155675,-0.00724327,-0.00445808;
-0.00724327,0.0188463,-0.004396;
-0.00445808,-0.004396,0.0133956;
--- GMM Component 4 Para end---


--- GMM Component 0 Para begin---
simple size: 16194
coefs: 0.121372

mean: (28.0082,22.6759,36.1801)

cov:
68.8938,49.4339,29.122;
49.4339,47.3122,26.1154;
29.122,26.1154,37.1038;

det: 18350

cov inverse:
0.0584985,-0.0585098,-0.00473213;
-0.0585098,0.0930863,-0.0195955;
-0.00473213,-0.0195955,0.0444578;
--- GMM Component 0 Para end---


--- GMM Component 1 Para begin---
simple size: 28794
coefs: 0.215808

mean: (79.9637,64.8675,63.2726)

cov:
360.912,261.13,232.021;
261.13,291.611,209.264;
232.021,209.264,254.177;

det: 3.2733e+06

cov inverse:
0.00926565,-0.00544384,-0.00397608;
-0.00544384,0.011579,-0.00456368;
-0.00397608,-0.00456368,0.0113211;
--- GMM Component 1 Para end---


--- GMM Component 2 Para begin---
simple size: 23033
coefs: 0.17263

mean: (15.76,13.3593,24.6866)

cov:
16.2757,14.4807,20.4;
14.4807,19.1273,24.6318;
20.4,24.6318,38.8135;

det: 662.081

cov inverse:
0.204918,-0.089959,-0.0506131;
-0.089959,0.325575,-0.159334;
-0.0506131,-0.159334,0.153482;
--- GMM Component 2 Para end---


--- GMM Component 3 Para begin---
simple size: 28606
coefs: 0.214399

mean: (140.046,135.788,113.912)

cov:
504.008,370.315,352.292;
370.315,630.037,260.448;
352.292,260.448,494.158;

det: 4.47247e+07

cov inverse:
0.00544453,-0.00204005,-0.00280626;
-0.00204005,0.00279376,-1.80799e-05;
-0.00280626,-1.80799e-05,0.00403379;
--- GMM Component 3 Para end---


--- GMM Component 4 Para begin---
simple size: 36797
coefs: 0.27579

mean: (213.99,206.968,185.019)

cov:
730.306,609.731,836.728;
609.731,825.882,737.801;
836.728,737.801,1381.95;

det: 9.68168e+07

cov inverse:
0.0061661,-0.00232688,-0.00249109;
-0.00232688,0.00319299,-0.000295827;
-0.00249109,-0.000295827,0.00238982;
--- GMM Component 4 Para end---

  === GMM Dispatch and Learn DURATION: 78ms ===
--- Generate Graph ... ---
  === GMM GenerateGraph TRAIN DURATION: 125ms ===
--- Maxflow ... ---
$$$ Max Flow Energy: 1.38059e+06 $$$
  === GMM MaxFlow DURATION: 265ms ===

------------ Start Train 2------------


--- GMM Component 0 Para begin---
simple size: 44639
coefs: 0.241775

mean: (210.012,207.62,175.529)

cov:
577.557,464.174,597.119;
464.174,606.618,466.271;
597.119,466.271,932.86;

det: 4.24556e+07

cov inverse:
0.00820813,-0.00364122,-0.003434;
-0.00364122,0.00429221,0.000185351;
-0.003434,0.000185351,0.00317741;
--- GMM Component 0 Para end---


--- GMM Component 1 Para begin---
simple size: 23128
coefs: 0.125267

mean: (57.6566,45.1298,37.2068)

cov:
117.046,85.8267,77.8497;
85.8267,88.5473,72.8086;
77.8497,72.8086,135.16;

det: 221028

cov inverse:
0.0301636,-0.0268393,-0.00291576;
-0.0268393,0.0441544,-0.00832635;
-0.00291576,-0.00832635,0.0135633;
--- GMM Component 1 Para end---


--- GMM Component 2 Para begin---
simple size: 41149
coefs: 0.222873

mean: (152.565,149.25,125.45)

cov:
317.791,163.069,265.436;
163.069,302.935,126.105;
265.436,126.105,394.742;

det: 1.20245e+07

cov inverse:
0.00862228,-0.00256952,-0.004977;
-0.00256952,0.0045731,0.000266889;
-0.004977,0.000266889,0.00579471;
--- GMM Component 2 Para end---


--- GMM Component 3 Para begin---
simple size: 36672
coefs: 0.198624

mean: (114.746,102.027,91.1427)

cov:
174.611,67.7668,114.52;
67.7668,134.352,70.2354;
114.52,70.2354,152.211;

det: 1.33853e+06

cov inverse:
0.0115924,-0.00169699,-0.00793884;
-0.00169699,0.0100579,-0.00336428;
-0.00793884,-0.00336428,0.0140953;
--- GMM Component 3 Para end---


--- GMM Component 4 Para begin---
simple size: 39042
coefs: 0.211461

mean: (85.7099,70.7125,62.621)

cov:
117.791,50.4629,64.0873;
50.4629,80.9561,42.9879;
64.0873,42.9879,110.201;

det: 498112

cov inverse:
0.0142006,-0.00563346,-0.00606082;
-0.00563346,0.0178142,-0.00367295;
-0.00606082,-0.00367295,0.0140317;
--- GMM Component 4 Para end---


--- GMM Component 0 Para begin---
simple size: 9626
coefs: 0.173849

mean: (28.1037,22.1476,36.9755)

cov:
43.0805,38.5148,32.6023;
38.5148,47.4923,37.8227;
32.6023,37.8227,51.4945;

det: 11847.5

cov inverse:
0.0856753,-0.0633209,-0.0077337;
-0.0633209,0.0975307,-0.0315463;
-0.0077337,-0.0315463,0.0474866;
--- GMM Component 0 Para end---


--- GMM Component 1 Para begin---
simple size: 4912
coefs: 0.0887123

mean: (63.8693,47.4798,58.3846)

cov:
719.38,519.787,397.545;
519.787,519.75,429.278;
397.545,429.278,539.773;

det: 1.86864e+07

cov inverse:
0.00515174,-0.00588181,0.000883481;
-0.00588181,0.0123223,-0.00546791;
0.000883481,-0.00546791,0.00555053;
--- GMM Component 1 Para end---


--- GMM Component 2 Para begin---
simple size: 27651
coefs: 0.499386

mean: (16.9279,14.6484,26.47)

cov:
18.7106,17.3427,24.3393;
17.3427,19.5651,26.0983;
24.3393,26.0983,39.5502;

det: 280.931

cov inverse:
0.329913,-0.180444,-0.0839585;
-0.180444,0.525418,-0.235666;
-0.0839585,-0.235666,0.232463;
--- GMM Component 2 Para end---


--- GMM Component 3 Para begin---
simple size: 3897
coefs: 0.0703811

mean: (141.839,120.191,116.752)

cov:
662.791,420.407,216.23;
420.407,717.639,369.627;
216.23,369.627,651.07;

det: 1.37701e+08

cov inverse:
0.00240092,-0.00140733,1.58878e-06;
-0.00140733,0.00279423,-0.00111895;
1.58878e-06,-0.00111895,0.00217066;
--- GMM Component 3 Para end---


--- GMM Component 4 Para begin---
simple size: 9284
coefs: 0.167672

mean: (230.961,214.782,214.532)

cov:
707.24,726.201,770.319;
726.201,1036.28,1018.94;
770.319,1018.94,1363.72;

det: 7.10863e+07

cov inverse:
0.00527467,-0.0028898,-0.00082029;
-0.0028898,0.00522022,-0.00226808;
-0.00082029,-0.00226808,0.0028913;
--- GMM Component 4 Para end---

  === GMM Dispatch and Learn DURATION: 62ms ===
--- Generate Graph ... ---
  === GMM GenerateGraph TRAIN DURATION: 125ms ===
--- Maxflow ... ---
$$$ Max Flow Energy: 1.3058e+06 $$$
  === GMM MaxFlow DURATION: 46ms ===

------------ Start Train 3------------


--- GMM Component 0 Para begin---
simple size: 47343
coefs: 0.250627

mean: (211.105,208.03,176.389)

cov:
604.074,451.366,643.447;
451.366,581.398,477.999;
643.447,477.999,990.61;

det: 4.50086e+07

cov inverse:
0.00771977,-0.00310076,-0.00351814;
-0.00310076,0.0040965,3.74034e-05;
-0.00351814,3.74034e-05,0.00327663;
--- GMM Component 0 Para end---


--- GMM Component 1 Para begin---
simple size: 23256
coefs: 0.123114

mean: (57.9361,45.0556,37.5911)

cov:
117.552,86.4177,82.1782;
86.4177,85.7233,74.9119;
82.1782,74.9119,141.327;

det: 194115

cov inverse:
0.0335017,-0.0312031,-0.00294091;
-0.0312031,0.050794,-0.00878009;
-0.00294091,-0.00878009,0.0134399;
--- GMM Component 1 Para end---


--- GMM Component 2 Para begin---
simple size: 42397
coefs: 0.224444

mean: (152.819,149.455,125.842)

cov:
352.44,173.18,307.959;
173.18,286.629,148.622;
307.959,148.622,444.227;

det: 1.2437e+07

cov inverse:
0.00846187,-0.00250559,-0.00502789;
-0.00250559,0.004963,7.6561e-05;
-0.00502789,7.6561e-05,0.00571106;
--- GMM Component 2 Para end---


--- GMM Component 3 Para begin---
simple size: 36427
coefs: 0.19284

mean: (115.039,102.417,91.5769)

cov:
197.1,73.1627,132.638;
73.1627,121.901,74.0719;
132.638,74.0719,167.58;

det: 1.34098e+06

cov inverse:
0.0111423,-0.00181649,-0.00801608;
-0.00181649,0.0115119,-0.00365062;
-0.00801608,-0.00365062,0.0139255;
--- GMM Component 3 Para end---


--- GMM Component 4 Para begin---
simple size: 39475
coefs: 0.208975

mean: (86.1427,70.8554,62.8887)

cov:
130.555,55.5765,76.5122;
55.5765,74.9315,47.9575;
76.5122,47.9575,120.483;

det: 475440

cov inverse:
0.0141513,-0.00636612,-0.00645269;
-0.00636612,0.0207714,-0.00422514;
-0.00645269,-0.00422514,0.0140794;
--- GMM Component 4 Para end---


--- GMM Component 0 Para begin---
simple size: 7297
coefs: 0.142793

mean: (28.5382,21.7304,36.0617)

cov:
56.4854,57.7708,55.2249;
57.7708,70.9158,66.1575;
55.2249,66.1575,83.7983;

det: 14629.1

cov inverse:
0.107034,-0.0811776,-0.00644908;
-0.0811776,0.115085,-0.0373601;
-0.00644908,-0.0373601,0.0456787;
--- GMM Component 0 Para end---


--- GMM Component 1 Para begin---
simple size: 5368
coefs: 0.105045

mean: (58.1136,42.9389,55.6649)

cov:
751.367,584.456,527.665;
584.456,581.614,551.002;
527.665,551.002,713.749;

det: 1.79019e+07

cov inverse:
0.0062297,-0.00706132,0.000845688;
-0.00706132,0.014404,-0.00589927;
0.000845688,-0.00589927,0.00532998;
--- GMM Component 1 Para end---


--- GMM Component 2 Para begin---
simple size: 29468
coefs: 0.576651

mean: (17.6996,15.4813,27.6447)

cov:
22.1852,20.0717,27.9172;
20.0717,20.4616,27.2653;
27.9172,27.2653,40.4212;

det: 180.804

cov inverse:
0.46287,-0.277395,-0.132573;
-0.277395,0.649236,-0.246343;
-0.132573,-0.246343,0.282467;
--- GMM Component 2 Para end---


--- GMM Component 3 Para begin---
simple size: 2878
coefs: 0.0563187

mean: (141.629,112.499,115.594)

cov:
556.793,293.21,176.715;
293.21,491.125,477.271;
176.715,477.271,818.637;

det: 6.07718e+07

cov inverse:
0.00286753,-0.0025619,0.000874608;
-0.0025619,0.0069865,-0.00352016;
0.000874608,-0.00352016,0.00308503;
--- GMM Component 3 Para end---


--- GMM Component 4 Para begin---
simple size: 6091
coefs: 0.119193

mean: (234.536,219.919,226.348)

cov:
673.455,820.333,650.817;
820.333,1208.58,1065.17;
650.817,1065.17,1118.2;

det: 1.89973e+07

cov inverse:
0.0114142,-0.0117944,0.00459186;
-0.0117944,0.0173442,-0.00965715;
0.00459186,-0.00965715,0.00742093;
--- GMM Component 4 Para end---

  === GMM Dispatch and Learn DURATION: 62ms ===
--- Generate Graph ... ---
  === GMM GenerateGraph TRAIN DURATION: 135ms ===
--- Maxflow ... ---
$$$ Max Flow Energy: 1.29193e+06 $$$
  === GMM MaxFlow DURATION: 31ms ===
===== GMM TRAIN DURATION: 932ms =====
===== GMM TOTAL DURATION: 947ms =====
generateTenColorImage...
generateHandledImage...
--------------- advanceGrabCut ---------------

------------ Start Train 1------------


--- GMM Component 0 Para begin---
simple size: 46876
coefs: 0.248379

mean: (210.942,208.403,175.965)

cov:
617.866,455.155,670.956;
455.155,571.664,491.874;
670.956,491.874,1030.79;

det: 4.41291e+07

cov inverse:
0.00787071,-0.00315314,-0.00361853;
-0.00315314,0.00423099,3.34765e-05;
-0.00361853,3.34765e-05,0.0033095;
--- GMM Component 0 Para end---


--- GMM Component 1 Para begin---
simple size: 23276
coefs: 0.123331

mean: (58.1564,45.0107,37.8782)

cov:
118.643,87.3243,86.1519;
87.3243,84.288,77.1873;
86.1519,77.1873,145.551;

det: 174554

cov inverse:
0.0361508,-0.0347185,-0.00298613;
-0.0347185,0.0564085,-0.00936419;
-0.00298613,-0.00936419,0.0136039;
--- GMM Component 1 Para end---


--- GMM Component 2 Para begin---
simple size: 42664
coefs: 0.226061

mean: (152.891,149.566,126.202)

cov:
385.445,188.63,344.697;
188.63,280.34,172.906;
344.697,172.906,481.627;

det: 1.25582e+07

cov inverse:
0.00837089,-0.00248835,-0.00509766;
-0.00248835,0.00532125,-0.000129458;
-0.00509766,-0.000129458,0.00577112;
--- GMM Component 2 Para end---


--- GMM Component 3 Para begin---
simple size: 35917
coefs: 0.190311

mean: (115.28,102.742,91.9002)

cov:
221.066,82.1029,152.108;
82.1029,113.17,81.2521;
152.108,81.2521,184.58;

det: 1.32518e+06

cov inverse:
0.0107812,-0.00210951,-0.00795594;
-0.00210951,0.0133322,-0.00413043;
-0.00795594,-0.00413043,0.0137922;
--- GMM Component 3 Para end---


--- GMM Component 4 Para begin---
simple size: 39995
coefs: 0.211919

mean: (86.5748,70.9928,63.2158)

cov:
142.732,63.0985,88.8057;
63.0985,73.1739,54.9713;
88.8057,54.9713,131.994;

det: 460724

cov inverse:
0.0144048,-0.00748136,-0.00657585;
-0.00748136,0.0237742,-0.00486772;
-0.00657585,-0.00486772,0.0140276;
--- GMM Component 4 Para end---


--- GMM Component 0 Para begin---
simple size: 6943
coefs: 0.135415

mean: (27.8754,20.6009,34.4101)

cov:
77.4264,81.6069,86.2739;
81.6069,96.3867,99.3326;
86.2739,99.3326,126.881;

det: 19233.1

cov inverse:
0.122845,-0.092786,-0.0108892;
-0.092786,0.123784,-0.0338175;
-0.0108892,-0.0338175,0.0417606;
--- GMM Component 0 Para end---


--- GMM Component 1 Para begin---
simple size: 5274
coefs: 0.102863

mean: (57.0339,42.7584,56.1337)

cov:
718.544,583.982,566.797;
583.982,596.587,588.224;
566.797,588.224,780.057;

det: 1.74867e+07

cov inverse:
0.00682606,-0.00698451,0.000306987;
-0.00698451,0.0136817,-0.00524205;
0.000306987,-0.00524205,0.00501181;
--- GMM Component 1 Para end---


--- GMM Component 2 Para begin---
simple size: 29868
coefs: 0.58254

mean: (18.0773,15.8848,28.2073)

cov:
24.2218,21.5227,29.5669;
21.5227,21.0668,27.7415;
29.5669,27.7415,40.3807;

det: 149.508

cov inverse:
0.542449,-0.326871,-0.172623;
-0.326871,0.694877,-0.238044;
-0.172623,-0.238044,0.314696;
--- GMM Component 2 Para end---


--- GMM Component 3 Para begin---
simple size: 2992
coefs: 0.0583554

mean: (143.544,112.601,114.575)

cov:
550.739,357.744,261.925;
357.744,587.327,606.142;
261.925,606.142,910.71;

det: 4.89825e+07

cov inverse:
0.00341911,-0.00341015,0.00128634;
-0.00341015,0.00883905,-0.00490224;
0.00128634,-0.00490224,0.00399087;
--- GMM Component 3 Para end---


--- GMM Component 4 Para begin---
simple size: 6195
coefs: 0.120826

mean: (235.384,219.867,226.449)

cov:
628.408,767.634,579.719;
767.634,1166.13,1014.47;
579.719,1014.47,1055.24;

det: 1.57413e+07

cov inverse:
0.0127937,-0.0140987,0.00652549;
-0.0140987,0.0207766,-0.0122285;
0.00652549,-0.0122285,0.00911877;
--- GMM Component 4 Para end---

  === GMM Dispatch and Learn DURATION: 62ms ===
--- Generate Graph ... ---
  === GMM GenerateGraph TRAIN DURATION: 124ms ===
--- Maxflow ... ---
$$$ Max Flow Energy: 1.29314e+06 $$$
  === GMM MaxFlow DURATION: 46ms ===
generateTenColorImage...
generateHandledImage...

------------ Start Train 1------------


--- GMM Component 0 Para begin---
simple size: 45976
coefs: 0.245157

mean: (210.591,208.982,175.428)

cov:
640.824,471.127,707.226;
471.127,559.578,513.328;
707.226,513.328,1078.47;

det: 4.0683e+07

cov inverse:
0.00835689,-0.00356556,-0.00378305;
-0.00356556,0.00469342,0.000104215;
-0.00378305,0.000104215,0.00335843;
--- GMM Component 0 Para end---


--- GMM Component 1 Para begin---
simple size: 23250
coefs: 0.123976

mean: (58.335,44.9899,38.1247)

cov:
119.256,88.1097,89.2839;
88.1097,83.67,79.3681;
89.2839,79.3681,149.26;

det: 161117

cov inverse:
0.0384152,-0.0376434,-0.0029624;
-0.0376434,0.061003,-0.0099205;
-0.0029624,-0.0099205,0.0137469;
--- GMM Component 1 Para end---


--- GMM Component 2 Para begin---
simple size: 42486
coefs: 0.226547

mean: (152.845,149.746,126.501)

cov:
417.924,207.749,379.489;
207.749,278.298,197.582;
379.489,197.582,514.327;

det: 1.23826e+07

cov inverse:
0.00840676,-0.00257383,-0.00521406;
-0.00257383,0.00572882,-0.000301694;
-0.00521406,-0.000301694,0.00590731;
--- GMM Component 2 Para end---


--- GMM Component 3 Para begin---
simple size: 35384
coefs: 0.188677

mean: (115.505,103.029,92.1487)

cov:
246.867,94.1472,174.2;
94.1472,108.927,91.3026;
174.2,91.3026,204.721;

det: 1.32187e+06

cov inverse:
0.0105634,-0.00254863,-0.00785189;
-0.00254863,0.0152762,-0.00464428;
-0.00785189,-0.00464428,0.0136373;
--- GMM Component 3 Para end---


--- GMM Component 4 Para begin---
simple size: 40441
coefs: 0.215643

mean: (86.9589,71.1449,63.5349)

cov:
153.41,71.1333,100.303;
71.1333,73.8843,62.8952;
100.303,62.8952,143.34;

det: 446720

cov inverse:
0.0148522,-0.0087027,-0.00657428;
-0.0087027,0.0267038,-0.00562741;
-0.00657428,-0.00562741,0.014046;
--- GMM Component 4 Para end---


--- GMM Component 0 Para begin---
simple size: 7287
coefs: 0.138898

mean: (27.2168,19.8898,33.2664)

cov:
96.8225,100.353,114.506;
100.353,113.715,125.816;
114.506,125.816,165.75;

det: 23566.5

cov inverse:
0.12809,-0.0944883,-0.0167659;
-0.0944883,0.124611,-0.0293121;
-0.0167659,-0.0293121,0.0398657;
--- GMM Component 0 Para end---


--- GMM Component 1 Para begin---
simple size: 5077
coefs: 0.096773

mean: (57.8472,44.0922,57.8672)

cov:
678.18,573.701,562.663;
573.701,607.166,590.943;
562.663,590.943,784.489;

det: 1.72873e+07

cov inverse:
0.00735228,-0.00680037,-0.000150697;
-0.00680037,0.0124621,-0.00451001;
-0.000150697,-0.00451001,0.00478012;
--- GMM Component 1 Para end---


--- GMM Component 2 Para begin---
simple size: 29734
coefs: 0.566761

mean: (18.2177,16.0461,28.4394)

cov:
24.7702,21.7856,29.7214;
21.7856,20.9642,27.3631;
29.7214,27.3631,39.4728;

det: 133.196

cov inverse:
0.591426,-0.350369,-0.20244;
-0.350369,0.708641,-0.227427;
-0.20244,-0.227427,0.335418;
--- GMM Component 2 Para end---


--- GMM Component 3 Para begin---
simple size: 3577
coefs: 0.0681814

mean: (146.913,115.534,116.126)

cov:
636.922,532.581,428.625;
532.581,807.089,782.185;
428.625,782.185,1019.33;

det: 5.40192e+07

cov inverse:
0.00390373,-0.0038433,0.00130766;
-0.0038433,0.00861758,-0.00499663;
0.00130766,-0.00499663,0.00426534;
--- GMM Component 3 Para end---


--- GMM Component 4 Para begin---
simple size: 6788
coefs: 0.129386

mean: (234.906,216.738,222.904)

cov:
573.251,726.983,562.461;
726.983,1192.51,1078.7;
562.461,1078.7,1154.59;

det: 1.6946e+07

cov inverse:
0.0125856,-0.0137285,0.00669499;
-0.0137285,0.0203887,-0.0123607;
0.00669499,-0.0123607,0.00915284;
--- GMM Component 4 Para end---

  === GMM Dispatch and Learn DURATION: 62ms ===
--- Generate Graph ... ---
  === GMM GenerateGraph TRAIN DURATION: 140ms ===
--- Maxflow ... ---
$$$ Max Flow Energy: 1.29176e+06 $$$
  === GMM MaxFlow DURATION: 31ms ===
generateTenColorImage...
generateHandledImage...
Exit advanceGrabCut
OutputSwitcher Destructed
