read new image: ex3.jpg at D:\Code\C\clionCpp\GrabCut\test_textures\ex3.jpg
Image Size: 600*400
--------------- initGrabCut ---------------

Rect: From (53,34) To (588,274)

initByKmeans bkGMM with 112374 bkSamples
Init RGB: (R:100,G:84,B:69) (R:121,G:104,B:88) (R:85,G:75,B:73) (R:205,G:189,B:176) (R:190,G:202,B:138) 
--- Begin K-Means Iteration ---
{size: 14195, mean: (100.275,85.0376,72.0411)} {size: 31614, mean: (128.377,116.788,102.689)} {size: 36823, mean: (71.3934,57.9085,48.3209)} {size: 15032, mean: (214.431,207.741,183.399)} {size: 14710, mean: (171.902,173.178,138.957)} 
{size: 26379, mean: (99.1106,84.6007,73.9419)} {size: 24863, mean: (130.374,119.037,104.679)} {size: 29732, mean: (67.3661,53.8625,43.2144)} {size: 13181, mean: (220.418,217.086,185.655)} {size: 18219, mean: (170.079,167.28,140.739)} 
{size: 29663, mean: (98.4605,83.9362,73.4167)} {size: 23767, mean: (130.924,119.778,105.061)} {size: 27420, mean: (65.9095,52.5487,41.7665)} {size: 12474, mean: (221.899,218.872,186.686)} {size: 19050, mean: (170.884,167.673,141.76)} 
--- End   K-Means Iteration ---
initByKmeans frGMM with 127626 frSamples
Init RGB: (R:251,G:207,B:204) (R:104,G:74,B:76) (R:220,G:237,B:159) (R:182,G:205,B:97) (R:178,G:139,B:142) 
--- Begin K-Means Iteration ---
{size: 15049, mean: (239.485,225.636,221.383)} {size: 72636, mean: (51.9077,44.4868,48.7123)} {size: 10500, mean: (208.237,213.619,168.678)} {size: 4384, mean: (169.644,185.174,119.812)} {size: 25057, mean: (164.516,155.08,137.733)} 
{size: 12494, mean: (244.186,234.489,228.558)} {size: 65484, mean: (44.4621,37.1265,43.4452)} {size: 15785, mean: (207.493,202.733,171.017)} {size: 6969, mean: (168.637,181.217,123.897)} {size: 26894, mean: (149.251,139.199,124.709)} 
{size: 11751, mean: (245.422,236.899,229.996)} {size: 61312, mean: (40.3377,33.2925,40.5762)} {size: 18368, mean: (206.37,199.058,171.834)} {size: 11749, mean: (172.777,174.908,136.252)} {size: 24446, mean: (132.912,123.997,109.214)} 
--- End   K-Means Iteration ---

--- GMM Component 0 Para begin---
simple size: 29663
coefs: 0.263967

mean: (98.4605,83.9362,73.4167)

cov:
112.406,64.6785,63.9666;
64.6785,129.698,62.9889;
63.9666,62.9889,114.526;

det: 735100

cov inverse:
0.0148092,-0.00459559,-0.00574385;
-0.00459559,0.0119464,-0.00400367;
-0.00574385,-0.00400367,0.0141417;
--- GMM Component 0 Para end---


--- GMM Component 1 Para begin---
simple size: 23767
coefs: 0.211499

mean: (130.924,119.778,105.061)

cov:
144.585,80.327,89.9104;
80.327,219.272,63.5192;
89.9104,63.5192,156.091;

det: 2.50302e+06

cov inverse:
0.0120621,-0.0027276,-0.00583796;
-0.0027276,0.00578678,-0.000783722;
-0.00583796,-0.000783722,0.0100882;
--- GMM Component 1 Para end---


--- GMM Component 2 Para begin---
simple size: 27420
coefs: 0.244007

mean: (65.9095,52.5487,41.7665)

cov:
196.773,147.505,144.437;
147.505,159.549,131.58;
144.437,131.58,188.065;

det: 683783

cov inverse:
0.0185618,-0.0127752,-0.00531759;
-0.0127752,0.0236098,-0.00670714;
-0.00531759,-0.00670714,0.014094;
--- GMM Component 2 Para end---


--- GMM Component 3 Para begin---
simple size: 12474
coefs: 0.111004

mean: (221.899,218.872,186.686)

cov:
365.67,300.109,308.185;
300.109,425.34,230.271;
308.185,230.271,531.684;

det: 1.76162e+07

cov inverse:
0.0098274,-0.00502929,-0.00351818;
-0.00502929,0.00564496,0.000470356;
-0.00351818,0.000470356,0.00371638;
--- GMM Component 3 Para end---


--- GMM Component 4 Para begin---
simple size: 19050
coefs: 0.169523

mean: (170.884,167.673,141.76)

cov:
220.5,150.689,137.261;
150.689,312.578,61.4727;
137.261,61.4727,248.397;

det: 7.30053e+06

cov inverse:
0.0101177,-0.00397134,-0.0046081;
-0.00397134,0.00492168,0.000976512;
-0.0046081,0.000976512,0.00633054;
--- GMM Component 4 Para end---


--- GMM Component 0 Para begin---
simple size: 11751
coefs: 0.0920737

mean: (245.422,236.899,229.996)

cov:
132.722,102.135,96.3789;
102.135,283.046,138.975;
96.3789,138.975,486.828;

det: 1.07535e+07

cov inverse:
0.0110179,-0.00337825,-0.00121685;
-0.00337825,0.00514475,-0.000799872;
-0.00121685,-0.000799872,0.00252336;
--- GMM Component 0 Para end---


--- GMM Component 1 Para begin---
simple size: 61312
coefs: 0.480404

mean: (40.3377,33.2925,40.5762)

cov:
832.017,670.535,487.078;
670.535,594.285,407.6;
487.078,407.6,346.848;

det: 2.5781e+06

cov inverse:
0.0155111,-0.0132038,-0.00626577;
-0.0132038,0.0199132,-0.00485899;
-0.00626577,-0.00485899,0.0173922;
--- GMM Component 1 Para end---


--- GMM Component 2 Para begin---
simple size: 18368
coefs: 0.143921

mean: (206.37,199.058,171.834)

cov:
238.382,134.138,79.1404;
134.138,425.454,-0.0164694;
79.1404,-0.0164694,246.564;

det: 1.79051e+07

cov inverse:
0.00585875,-0.00184724,-0.00188063;
-0.00184724,0.00293285,0.00059311;
-0.00188063,0.00059311,0.00465942;
--- GMM Component 2 Para end---


--- GMM Component 3 Para begin---
simple size: 11749
coefs: 0.092058

mean: (172.777,174.908,136.252)

cov:
149.852,15.9807,98.0725;
15.9807,176.323,-44.7584;
98.0725,-44.7584,282.419;

det: 5.25363e+06

cov inverse:
0.00909723,-0.0016946,-0.00342766;
-0.0016946,0.00622481,0.00157499;
-0.00342766,0.00157499,0.00498074;
--- GMM Component 3 Para end---


--- GMM Component 4 Para begin---
simple size: 24446
coefs: 0.191544

mean: (132.912,123.997,109.214)

cov:
487.809,323.138,348.26;
323.138,537.293,270.012;
348.26,270.012,491.544;

det: 3.75478e+07

cov inverse:
0.00509207,-0.00172585,-0.00265971;
-0.00172585,0.00315583,-0.000510774;
-0.00265971,-0.000510774,0.00419939;
--- GMM Component 4 Para end---


--- INIT GMM COMPLETE ---

===== GMM INIT DURATION: 15ms =====
Beta: 0.000184789

------------ Start Train 1------------


--- GMM Component 0 Para begin---
simple size: 29314
coefs: 0.260861

mean: (98.4523,83.9807,73.6698)

cov:
125.129,64.7009,71.9592;
64.7009,116.515,63.0903;
71.9592,63.0903,116.737;

det: 699357

cov inverse:
0.0137573,-0.0043083,-0.00615187;
-0.0043083,0.0134824,-0.00463085;
-0.00615187,-0.00463085,0.0148612;
--- GMM Component 0 Para end---


--- GMM Component 1 Para begin---
simple size: 23693
coefs: 0.210841

mean: (130.722,119.573,104.996)

cov:
157.953,76.2792,105.745;
76.2792,198.612,69.5196;
105.745,69.5196,167.192;

det: 2.40947e+06

cov inverse:
0.0117757,-0.00224194,-0.00651568;
-0.00224194,0.00631942,-0.00120968;
-0.00651568,-0.00120968,0.0106052;
--- GMM Component 1 Para end---


--- GMM Component 2 Para begin---
simple size: 27699
coefs: 0.246489

mean: (66.3747,52.5818,41.9865)

cov:
204.332,154.018,149.467;
154.018,154.308,132.726;
149.467,132.726,189.781;

det: 545933

cov inverse:
0.0213737,-0.0172027,-0.00480252;
-0.0172027,0.0301099,-0.00750928;
-0.00480252,-0.00750928,0.0143033;
--- GMM Component 2 Para end---


--- GMM Component 3 Para begin---
simple size: 12302
coefs: 0.109474

mean: (222.301,219.4,186.667)

cov:
358.04,290.985,311.655;
290.985,412.684,227.285;
311.655,227.285,554.371;

det: 1.76168e+07

cov inverse:
0.0100542,-0.00513597,-0.00354654;
-0.00513597,0.0057535,0.000528472;
-0.00354654,0.000528472,0.00358096;
--- GMM Component 3 Para end---


--- GMM Component 4 Para begin---
simple size: 19366
coefs: 0.172335

mean: (170.73,167.894,141.622)

cov:
234.947,150.589,163.408;
150.589,303.985,69.3619;
163.408,69.3619,288.712;

det: 8.23901e+06

cov inverse:
0.0100683,-0.00390127,-0.00476131;
-0.00390127,0.00499208,0.00100875;
-0.00476131,0.00100875,0.00591617;
--- GMM Component 4 Para end---


--- GMM Component 0 Para begin---
simple size: 11441
coefs: 0.0896447

mean: (245.927,236.576,231.098)

cov:
122.417,102.553,84.2195;
102.553,286.115,163.386;
84.2195,163.386,446.018;

det: 8.45616e+06

cov inverse:
0.0119342,-0.00378186,-0.000868092;
-0.00378186,0.00561809,-0.00134392;
-0.000868092,-0.00134392,0.00289829;
--- GMM Component 0 Para end---


--- GMM Component 1 Para begin---
simple size: 60064
coefs: 0.470625

mean: (39.8853,32.3677,40.4747)

cov:
848.962,666.015,508.157;
666.015,548.705,411.966;
508.157,411.966,349.118;

det: 849897

cov inverse:
0.0257053,-0.0272675,-0.005239;
-0.0272675,0.0449049,-0.0132996;
-0.005239,-0.0132996,0.0261838;
--- GMM Component 1 Para end---


--- GMM Component 2 Para begin---
simple size: 18630
coefs: 0.145973

mean: (206.799,200.09,171.94)

cov:
245.639,149.745,79.4895;
149.745,466.435,4.14395;
79.4895,4.14395,267.028;

det: 2.17542e+07

cov inverse:
0.0057246,-0.00182295,-0.00167582;
-0.00182295,0.00272472,0.000500375;
-0.00167582,0.000500375,0.00423602;
--- GMM Component 2 Para end---


--- GMM Component 3 Para begin---
simple size: 12386
coefs: 0.0970492

mean: (172.862,173.443,137.834)

cov:
125.134,15.3414,90.5119;
15.3414,171.969,-54.0167;
90.5119,-54.0167,275.641;

det: 3.94271e+06

cov inverse:
0.0112825,-0.00231259,-0.00415803;
-0.00231259,0.00667044,0.00206657;
-0.00415803,0.00206657,0.00539826;
--- GMM Component 3 Para end---


--- GMM Component 4 Para begin---
simple size: 25105
coefs: 0.196708

mean: (128.413,121.124,104.836)

cov:
645.093,432.032,468.942;
432.032,646.842,361.437;
468.942,361.437,620.675;

det: 6.30763e+07

cov inverse:
0.00429388,-0.00156412,-0.00233334;
-0.00156412,0.00286141,-0.000484537;
-0.00233334,-0.000484537,0.00365623;
--- GMM Component 4 Para end---

  === GMM Dispatch and Learn DURATION: 62ms ===
--- Generate Graph ... ---
  === GMM GenerateGraph TRAIN DURATION: 124ms ===
--- Maxflow ... ---
$$$ Max Flow Energy: 1.36914e+06 $$$
  === GMM MaxFlow DURATION: 234ms ===

------------ Start Train 2------------


--- GMM Component 0 Para begin---
simple size: 40890
coefs: 0.221472

mean: (97.4208,83.4714,74.4608)

cov:
150.219,62.1406,90.1177;
62.1406,112.177,57.9677;
90.1177,57.9677,127.506;

det: 889713

cov inverse:
0.0122995,-0.00303397,-0.00731361;
-0.00303397,0.0124002,-0.00349316;
-0.00731361,-0.00349316,0.0145999;
--- GMM Component 0 Para end---


--- GMM Component 1 Para begin---
simple size: 34895
coefs: 0.189002

mean: (129.479,120.76,104.824)

cov:
197.266,71.6152,140.949;
71.6152,198.091,60.7194;
140.949,60.7194,212.458;

det: 3.77563e+06

cov inverse:
0.0101702,-0.00176312,-0.00624327;
-0.00176312,0.00583855,-0.000498938;
-0.00624327,-0.000498938,0.00899132;
--- GMM Component 1 Para end---


--- GMM Component 2 Para begin---
simple size: 39049
coefs: 0.211501

mean: (66.065,52.2141,44.2918)

cov:
197.37,144.236,136.261;
144.236,138.387,115.764;
136.261,115.764,175.997;

det: 481576

cov inverse:
0.0227469,-0.0199573,-0.004484;
-0.0199573,0.0335763,-0.00663374;
-0.004484,-0.00663374,0.013517;
--- GMM Component 2 Para end---


--- GMM Component 3 Para begin---
simple size: 28687
coefs: 0.155377

mean: (223.121,220.414,189.018)

cov:
351.664,262.951,371.604;
262.951,412.975,268.125;
371.604,268.125,749.474;

det: 2.71139e+07

cov inverse:
0.00876386,-0.00359367,-0.00305965;
-0.00359367,0.00462765,0.000126264;
-0.00305965,0.000126264,0.00280614;
--- GMM Component 3 Para end---


--- GMM Component 4 Para begin---
simple size: 41107
coefs: 0.222648

mean: (171.607,169.351,140.767)

cov:
286.55,144.419,220.843;
144.419,292.615,74.3351;
220.843,74.3351,378.403;

det: 1.27234e+07

cov inverse:
0.00826829,-0.00300488,-0.00423522;
-0.00300488,0.004689,0.000832574;
-0.00423522,0.000832574,0.00495088;
--- GMM Component 4 Para end---


--- GMM Component 0 Para begin---
simple size: 5649
coefs: 0.102019

mean: (249.11,235.933,239.343)

cov:
100.495,106.463,45.5032;
106.463,325.028,250.099;
45.5032,250.099,321.518;

det: 2.32198e+06

cov inverse:
0.0180675,-0.00984046,0.00509758;
-0.00984046,0.0130235,-0.00873789;
0.00509758,-0.00873789,0.00918576;
--- GMM Component 0 Para end---


--- GMM Component 1 Para begin---
simple size: 40590
coefs: 0.733042

mean: (22.5057,18.4864,31.1216)

cov:
160.207,121.573,129.601;
121.573,104.813,108.73;
129.601,108.73,135.255;

det: 43916.1

cov inverse:
0.0536099,-0.0535524,-0.008319;
-0.0535524,0.110944,-0.0378726;
-0.008319,-0.0378726,0.0458098;
--- GMM Component 1 Para end---


--- GMM Component 2 Para begin---
simple size: 3074
coefs: 0.0555154

mean: (206.158,184.458,181.947)

cov:
324.609,161.09,1.11901;
161.09,350.51,66.3577;
1.11901,66.3577,395.15;

det: 3.32997e+07

cov inverse:
0.00402709,-0.00190934,0.000309232;
-0.00190934,0.00385193,-0.000641449;
0.000309232,-0.000641449,0.00263752;
--- GMM Component 2 Para end---


--- GMM Component 3 Para begin---
simple size: 936
coefs: 0.0169039

mean: (174.425,167.865,143.266)

cov:
121.174,4.91835,69.9446;
4.91835,174.211,-65.7067;
69.9446,-65.7067,237.185;

det: 3.58053e+06

cov inverse:
0.0103344,-0.00160937,-0.0034934;
-0.00160937,0.00666056,0.00231975;
-0.0034934,0.00231975,0.00588895;
--- GMM Component 3 Para end---


--- GMM Component 4 Para begin---
simple size: 5123
coefs: 0.0925197

mean: (124.066,99.8589,100.926)

cov:
1259.19,926.695,661.195;
926.695,1076.59,787.383;
661.195,787.383,998.927;

det: 2.09914e+08

cov inverse:
0.00216978,-0.00192978,8.49149e-05;
-0.00192978,0.00390951,-0.00180426;
8.49149e-05,-0.00180426,0.00236704;
--- GMM Component 4 Para end---

  === GMM Dispatch and Learn DURATION: 78ms ===
--- Generate Graph ... ---
  === GMM GenerateGraph TRAIN DURATION: 125ms ===
--- Maxflow ... ---
$$$ Max Flow Energy: 1.27371e+06 $$$
  === GMM MaxFlow DURATION: 62ms ===

------------ Start Train 3------------


--- GMM Component 0 Para begin---
simple size: 40632
coefs: 0.214953

mean: (97.4425,83.4631,74.6553)

cov:
172.78,69.7245,108.31;
69.7245,102.975,62.6603;
108.31,62.6603,140.032;

det: 870688

cov inverse:
0.0120519,-0.00341905,-0.00779177;
-0.00341905,0.0143147,-0.00376091;
-0.00779177,-0.00376091,0.0148508;
--- GMM Component 0 Para end---


--- GMM Component 1 Para begin---
simple size: 34911
coefs: 0.184688

mean: (129.064,120.526,104.601)

cov:
217.145,71.9893,160.883;
71.9893,177.628,65.3438;
160.883,65.3438,236.537;

det: 3.88647e+06

cov inverse:
0.00971209,-0.00167645,-0.00614263;
-0.00167645,0.00655598,-0.000670849;
-0.00614263,-0.000670849,0.00859094;
--- GMM Component 1 Para end---


--- GMM Component 2 Para begin---
simple size: 39431
coefs: 0.2086

mean: (66.5885,52.3131,44.6714)

cov:
205.596,150.198,143.273;
150.198,137.29,118.608;
143.273,118.608,181.174;

det: 420944

cov inverse:
0.02567,-0.0242756,-0.00440766;
-0.0242756,0.0397236,-0.0068082;
-0.00440766,-0.0068082,0.0134622;
--- GMM Component 2 Para end---


--- GMM Component 3 Para begin---
simple size: 30255
coefs: 0.160056

mean: (224.572,220.979,190.388)

cov:
361.254,237.392,400.217;
237.392,382.171,259.054;
400.217,259.054,788.972;

det: 2.8231e+07

cov inverse:
0.00830338,-0.00296191,-0.00323948;
-0.00296191,0.00442228,5.04398e-05;
-0.00323948,5.04398e-05,0.00289418;
--- GMM Component 3 Para end---


--- GMM Component 4 Para begin---
simple size: 43798
coefs: 0.231702

mean: (172.055,169.467,141.099)

cov:
317.285,150.751,256.457;
150.751,282.544,95.6873;
256.457,95.6873,414.522;

det: 1.3651e+07

cov inverse:
0.00790893,-0.00278001,-0.00425137;
-0.00278001,0.00481661,0.000608087;
-0.00425137,0.000608087,0.00490229;
--- GMM Component 4 Para end---


--- GMM Component 0 Para begin---
simple size: 4207
coefs: 0.0825339

mean: (249.958,240.426,244.587)

cov:
79.7532,102.593,38.119;
102.593,277.741,213.567;
38.119,213.567,251.247;

det: 550067

cov inverse:
0.0439418,-0.0320604,0.0205854;
-0.0320604,0.0337863,-0.023855;
0.0205854,-0.023855,0.0211343;
--- GMM Component 0 Para end---


--- GMM Component 1 Para begin---
simple size: 38950
coefs: 0.76413

mean: (20.9417,17.4265,30.0692)

cov:
83.3919,66.1316,80.5178;
66.1316,60.8982,71.4858;
80.5178,71.4858,96.6406;

det: 8464.21

cov inverse:
0.0915637,-0.0750351,-0.0207839;
-0.0750351,0.186185,-0.0752059;
-0.0207839,-0.0752059,0.0832946;
--- GMM Component 1 Para end---


--- GMM Component 2 Para begin---
simple size: 1749
coefs: 0.0343123

mean: (200.955,176.372,190.709)

cov:
347.023,183.452,-27.7757;
183.452,252.048,222.71;
-27.7757,222.71,561.597;

det: 1.05441e+07

cov inverse:
0.00872047,-0.0103576,0.00453879;
-0.0103576,0.0184098,-0.00781298;
0.00453879,-0.00781298,0.00510348;
--- GMM Component 2 Para end---


--- GMM Component 3 Para begin---
simple size: 161
coefs: 0.00315853

mean: (173.72,156.863,155.503)

cov:
66.3256,5.98665,19.0226;
5.98665,68.677,-6.26045;
19.0226,-6.26045,75.0574;

det: 310323

cov inverse:
0.0164845,-0.00183175,-0.00433063;
-0.00183175,0.014876,0.00170503;
-0.00433063,0.00170503,0.0145629;
--- GMM Component 3 Para end---


--- GMM Component 4 Para begin---
simple size: 5906
coefs: 0.115865

mean: (105.354,80.5411,88.2665)

cov:
1906.35,1459,1140.93;
1459,1372,1175.28;
1140.93,1175.28,1287.53;

det: 1.20427e+08

cov inverse:
0.00319876,-0.00446412,0.00124038;
-0.00446412,0.00957238,-0.004782;
0.00124038,-0.004782,0.00404263;
--- GMM Component 4 Para end---

  === GMM Dispatch and Learn DURATION: 62ms ===
--- Generate Graph ... ---
  === GMM GenerateGraph TRAIN DURATION: 140ms ===
--- Maxflow ... ---
$$$ Max Flow Energy: 1.24913e+06 $$$
  === GMM MaxFlow DURATION: 31ms ===
===== GMM TRAIN DURATION: 921ms =====
===== GMM TOTAL DURATION: 937ms =====
generateTenColorImage...
generateHandledImage...
--------------- advanceGrabCut ---------------

------------ Start Train 1------------


--- GMM Component 0 Para begin---
simple size: 40072
coefs: 0.212998

mean: (97.5829,83.5519,74.8935)

cov:
196.23,81.0724,126.003;
81.0724,98.1417,69.4651;
126.003,69.4651,151.337;

det: 833967

cov inverse:
0.0120234,-0.00421655,-0.00807521;
-0.00421655,0.0165715,-0.0040958;
-0.00807521,-0.0040958,0.0152112;
--- GMM Component 0 Para end---


--- GMM Component 1 Para begin---
simple size: 34555
coefs: 0.183673

mean: (128.694,120.253,104.493)

cov:
241.769,78.086,183.909;
78.086,162.506,74.7109;
183.909,74.7109,258.563;

det: 3.88206e+06

cov inverse:
0.00938586,-0.00166153,-0.00619581;
-0.00166153,0.00739042,-0.000953629;
-0.00619581,-0.000953629,0.00854998;
--- GMM Component 1 Para end---


--- GMM Component 2 Para begin---
simple size: 39910
coefs: 0.212137

mean: (67.2177,52.5327,45.0805)

cov:
214.923,157.222,151.525;
157.222,139.217,123.133;
151.525,123.133,186.461;

det: 381815

cov inverse:
0.0282778,-0.0279142,-0.00454585;
-0.0279142,0.0448253,-0.00691712;
-0.00454585,-0.00691712,0.013625;
--- GMM Component 2 Para end---


--- GMM Component 3 Para begin---
simple size: 29057
coefs: 0.154449

mean: (224.623,221.911,189.919)

cov:
360.779,234.174,410.097;
234.174,363.01,259.157;
410.097,259.157,802.795;

det: 2.56101e+07

cov inverse:
0.00875672,-0.00319071,-0.00344323;
-0.00319071,0.00474235,9.90175e-05;
-0.00344323,9.90175e-05,0.00297261;
--- GMM Component 3 Para end---


--- GMM Component 4 Para begin---
simple size: 44539
coefs: 0.236742

mean: (172.008,169.639,141.146)

cov:
340.477,163.375,286.147;
163.375,279.234,116.977;
286.147,116.977,446.932;

det: 1.39763e+07

cov inverse:
0.00795024,-0.00282942,-0.00434957;
-0.00282942,0.00502921,0.000495218;
-0.00434957,0.000495218,0.00489266;
--- GMM Component 4 Para end---


--- GMM Component 0 Para begin---
simple size: 4373
coefs: 0.0843118

mean: (250.845,240.438,244.456)

cov:
53.5288,67.9315,20.1543;
67.9315,256.767,207.54;
20.1543,207.54,245.119;

det: 396223

cov inverse:
0.0501373,-0.0314684,0.0225216;
-0.0314684,0.0320899,-0.0245828;
0.0225216,-0.0245828,0.0230419;
--- GMM Component 0 Para end---


--- GMM Component 1 Para begin---
simple size: 37299
coefs: 0.719128

mean: (20.0815,16.9184,29.4442)

cov:
57.0295,46.2633,58.7018;
46.2633,43.3737,53.302;
58.7018,53.302,74.0714;

det: 2707.54

cov inverse:
0.137264,-0.110013,-0.0296162;
-0.110013,0.287478,-0.119684;
-0.0296162,-0.119684,0.123097;
--- GMM Component 1 Para end---


--- GMM Component 2 Para begin---
simple size: 2385
coefs: 0.045983

mean: (204.908,178.458,191.317)

cov:
414.554,250.003,45.928;
250.003,324.689,325.214;
45.928,325.214,679.76;

det: 1.19491e+07

cov inverse:
0.00961969,-0.0129721,0.00555623;
-0.0129721,0.0234066,-0.0103218;
0.00555623,-0.0103218,0.00603391;
--- GMM Component 2 Para end---


--- GMM Component 3 Para begin---
simple size: 137
coefs: 0.00264137

mean: (171.803,158.883,154.825)

cov:
46.932,21.2909,15.6954;
21.2909,84.1031,-18.0205;
15.6954,-18.0205,77.0058;

det: 221042

cov inverse:
0.0278304,-0.00869679,-0.0077076;
-0.00869679,0.0152355,0.00533791;
-0.0077076,0.00533791,0.0158062;
--- GMM Component 3 Para end---


--- GMM Component 4 Para begin---
simple size: 7673
coefs: 0.147936

mean: (91.6871,69.8418,78.9639)

cov:
2315.96,1828.27,1468.05;
1828.27,1659.41,1403.88;
1468.05,1403.88,1424.44;

det: 1.0823e+08

cov inverse:
0.0036299,-0.00501992,0.00120642;
-0.00501992,0.010568,-0.00524183;
0.00120642,-0.00524183,0.00462483;
--- GMM Component 4 Para end---

  === GMM Dispatch and Learn DURATION: 62ms ===
--- Generate Graph ... ---
  === GMM GenerateGraph TRAIN DURATION: 125ms ===
--- Maxflow ... ---
$$$ Max Flow Energy: 1.24883e+06 $$$
  === GMM MaxFlow DURATION: 46ms ===
generateTenColorImage...
generateHandledImage...
OutputSwitcher Destructed
