read new image: ex3.jpg at D:\Code\C\clionCpp\GrabCut\test_textures\ex3.jpg
Image Size: 600*400
--------------- initGrabCut ---------------

Rect: From (56,60) To (590,267)

initByKmeans bkGMM with 130202 bkSamples
Init RGB: (R:129,G:143,B:107) (R:172,G:157,B:150) (R:109,G:117,B:76) (R:82,G:72,B:71) (R:137,G:112,B:107) (R:184,G:177,B:169) (R:68,G:54,B:53) (R:238,G:214,B:212) (R:158,G:140,B:128) (R:130,G:110,B:112) (R:117,G:120,B:113) (R:147,G:132,B:129) (R:87,G:97,B:86) (R:167,G:161,B:137) (R:196,G:190,B:156) 
--- Begin K-Means Iteration ---
{size: 4840, mean: (134.969,146.527,103.717)} {size: 4052, mean: (173.221,158.738,150.792)} {size: 7606, mean: (113.219,104.998,81.5718)} {size: 21652, mean: (90.2167,73.8177,65.2125)} {size: 6598, mean: (135.419,114.828,103.459)} {size: 4308, mean: (186.841,178.63,168.311)} {size: 25185, mean: (64.0392,50.7335,40.1268)} {size: 8692, mean: (234.808,230.523,200.95)} {size: 4467, mean: (156.649,143.949,128.109)} {size: 6003, mean: (123.87,104.709,102.41)} {size: 2669, mean: (116.678,119.709,105.758)} {size: 4559, mean: (145.225,131.432,124.584)} {size: 10127, mean: (102.132,90.4872,82.1942)} {size: 7789, mean: (164.475,169.542,131.105)} {size: 11655, mean: (198.994,200.075,158.576)} 
{size: 4091, mean: (136.381,149.006,101.623)} {size: 5342, mean: (173.041,160.439,149.622)} {size: 6518, mean: (113.166,104.415,83.2117)} {size: 23376, mean: (87.6716,71.9534,62.6626)} {size: 5747, mean: (135.794,116.457,105.903)} {size: 5602, mean: (189.282,179.981,166.02)} {size: 21766, mean: (61.5488,48.816,37.9679)} {size: 8417, mean: (235.513,231.787,201.13)} {size: 5386, mean: (156.007,145.69,130.825)} {size: 6512, mean: (122.838,103.526,99.0058)} {size: 3275, mean: (116.757,122.455,103.205)} {size: 5497, mean: (144.185,129.831,122.075)} {size: 12319, mean: (102.992,88.4165,80.3074)} {size: 6786, mean: (165.995,174.473,129.126)} {size: 9568, mean: (201.808,203.808,161.505)} 
{size: 3625, mean: (137.796,151.358,101.106)} {size: 5801, mean: (172.734,161.666,149.207)} {size: 6444, mean: (111.881,103.782,83.6269)} {size: 23863, mean: (85.7403,70.2314,60.8116)} {size: 5824, mean: (135.519,116.466,107.004)} {size: 6427, mean: (189.851,181.286,163.934)} {size: 19404, mean: (59.7594,47.3062,36.3515)} {size: 7890, mean: (236.702,232.856,202.457)} {size: 6269, mean: (155.712,146.985,131.851)} {size: 7269, mean: (122.454,103.24,97.7548)} {size: 3444, mean: (117.201,124.218,101.365)} {size: 5664, mean: (143.921,129.833,121.098)} {size: 13525, mean: (102.096,86.8844,78.4564)} {size: 5911, mean: (168.062,177.936,128.22)} {size: 8842, mean: (204.578,206.429,164.733)} 
{size: 3395, mean: (139.183,153.203,101.287)} {size: 5986, mean: (172.561,162.271,149.031)} {size: 6933, mean: (110.58,102.424,83.8886)} {size: 23525, mean: (84.0737,68.6158,59.2)} {size: 5967, mean: (135.158,116.182,107.318)} {size: 7079, mean: (189.835,182.742,162.157)} {size: 17697, mean: (58.4087,46.1543,35.0733)} {size: 7270, mean: (238.143,234.245,204.044)} {size: 6630, mean: (155.9,147.979,132.19)} {size: 7594, mean: (122.24,103.158,97.1344)} {size: 3612, mean: (117.718,125.546,99.9754)} {size: 5919, mean: (143.938,130.19,120.777)} {size: 14627, mean: (100.813,85.3394,76.7392)} {size: 5364, mean: (169.826,180.299,128.073)} {size: 8604, mean: (207.283,208.119,168.21)} 
{size: 3301, mean: (140.338,154.503,101.884)} {size: 6078, mean: (172.536,162.516,149.031)} {size: 7837, mean: (109.746,100.641,84.106)} {size: 23073, mean: (82.6617,67.32,57.8643)} {size: 6138, mean: (134.845,115.969,107.429)} {size: 7644, mean: (190.02,184.209,161.03)} {size: 16394, mean: (57.3489,45.1892,34.0558)} {size: 6685, mean: (239.548,235.633,205.626)} {size: 6752, mean: (156.178,148.715,132.351)} {size: 7691, mean: (122.134,103.296,96.7576)} {size: 3696, mean: (118.048,126.587,98.6596)} {size: 6135, mean: (143.986,130.49,120.73)} {size: 15253, mean: (99.4945,83.9455,75.203)} {size: 4995, mean: (171.007,181.819,128.193)} {size: 8530, mean: (209.502,209.34,171.077)} 
{size: 3282, mean: (141.366,155.69,102.517)} {size: 6165, mean: (172.71,162.784,149.206)} {size: 8962, mean: (109.136,98.7373,84.1326)} {size: 22396, mean: (81.4549,66.2055,56.6866)} {size: 6263, mean: (134.595,115.966,107.593)} {size: 8042, mean: (190.502,185.502,160.561)} {size: 15422, mean: (56.5211,44.4341,33.2758)} {size: 6228, mean: (240.679,236.732,206.948)} {size: 6765, mean: (156.473,149.177,132.553)} {size: 7793, mean: (122.072,103.587,96.5971)} {size: 3745, mean: (118.216,127.335,97.4037)} {size: 6306, mean: (144.073,130.771,120.744)} {size: 15614, mean: (98.1095,82.6034,73.6789)} {size: 4754, mean: (171.792,182.712,128.486)} {size: 8465, mean: (211.106,210.369,173.121)} 
{size: 3264, mean: (142.276,156.608,103.231)} {size: 6261, mean: (173.079,163.176,149.607)} {size: 9903, mean: (108.59,97.2331,83.9805)} {size: 21654, mean: (80.4313,65.2153,55.6717)} {size: 6360, mean: (134.406,116.071,107.742)} {size: 8309, mean: (191.222,186.749,160.521)} {size: 14673, mean: (55.8706,43.8512,32.6397)} {size: 5880, mean: (241.538,237.644,207.981)} {size: 6807, mean: (156.778,149.565,132.802)} {size: 7949, mean: (121.988,103.872,96.4333)} {size: 3774, mean: (118.302,127.893,96.1754)} {size: 6433, mean: (144.098,130.974,120.761)} {size: 15982, mean: (96.8628,81.4764,72.3747)} {size: 4619, mean: (172.3,183.21,128.827)} {size: 8334, mean: (212.421,211.309,174.662)} 
{size: 3300, mean: (143.067,157.289,103.851)} {size: 6340, mean: (173.627,163.676,150.133)} {size: 10604, mean: (108.091,95.9797,83.6411)} {size: 20882, mean: (79.4203,64.3154,54.6359)} {size: 6498, mean: (134.193,116.211,107.843)} {size: 8462, mean: (191.943,187.894,160.746)} {size: 13981, mean: (55.2448,43.3066,32.0398)} {size: 5587, mean: (242.295,238.43,208.871)} {size: 6825, mean: (157.091,149.862,133.199)} {size: 8201, mean: (121.766,104.038,96.2358)} {size: 3751, mean: (118.167,128.323,95.0922)} {size: 6539, mean: (144.181,131.167,120.828)} {size: 16460, mean: (95.7355,80.3542,71.2597)} {size: 4566, mean: (172.639,183.486,129.202)} {size: 8206, mean: (213.576,212.195,175.865)} 
{size: 3340, mean: (143.727,157.889,104.463)} {size: 6352, mean: (174.166,164.236,150.679)} {size: 11203, mean: (107.562,95.0012,83.0882)} {size: 20258, mean: (78.5306,63.5103,53.803)} {size: 6627, mean: (134.008,116.349,107.919)} {size: 8577, mean: (192.666,188.888,160.973)} {size: 13384, mean: (54.7067,42.7965,31.5242)} {size: 5383, mean: (242.816,238.929,209.56)} {size: 6881, mean: (157.492,150.09,133.644)} {size: 8507, mean: (121.476,104.024,96.0643)} {size: 3706, mean: (118.035,128.607,94.1846)} {size: 6647, mean: (144.207,131.391,120.842)} {size: 16751, mean: (94.7721,79.427,70.2559)} {size: 4547, mean: (172.943,183.686,129.599)} {size: 8039, mean: (214.488,212.971,176.83)} 
{size: 3394, mean: (144.28,158.343,105.016)} {size: 6397, mean: (174.781,164.81,151.222)} {size: 11659, mean: (106.969,94.1389,82.5226)} {size: 19843, mean: (77.7869,62.8764,53.1407)} {size: 6875, mean: (133.764,116.437,107.933)} {size: 8605, mean: (193.393,189.887,161.323)} {size: 12870, mean: (54.2329,42.3578,31.0626)} {size: 5209, mean: (243.279,239.382,210.133)} {size: 6956, mean: (157.855,150.317,134.039)} {size: 8793, mean: (121.079,103.888,95.7637)} {size: 3645, mean: (117.874,128.849,93.3358)} {size: 6693, mean: (144.271,131.595,120.886)} {size: 16829, mean: (94.0261,78.6224,69.4263)} {size: 4567, mean: (173.344,183.931,130.086)} {size: 7867, mean: (215.321,213.657,177.733)} 
--- End   K-Means Iteration ---
initByKmeans frGMM with 109798 frSamples
Init RGB: (R:142,G:157,B:150) (R:26,G:22,B:39) (R:216,G:219,B:176) (R:154,G:97,B:90) (R:13,G:12,B:18) (R:253,G:211,B:221) (R:15,G:7,B:20) (R:114,G:92,B:94) (R:254,G:254,B:244) (R:172,G:153,B:147) (R:41,G:33,B:31) (R:84,G:70,B:67) (R:204,G:200,B:189) (R:200,G:198,B:177) (R:195,G:147,B:145) 
--- Begin K-Means Iteration ---
{size: 5247, mean: (142.808,150.316,123.701)} {size: 18872, mean: (23.7537,19.9735,34.3784)} {size: 5271, mean: (220.169,225.755,176.723)} {size: 2730, mean: (144.957,119.033,101.273)} {size: 13409, mean: (14.6827,13.0925,23.1071)} {size: 3983, mean: (241.51,217.804,218.281)} {size: 4829, mean: (15.3817,8.81611,21.9315)} {size: 9725, mean: (112.088,103.543,93.2955)} {size: 5872, mean: (251.7,248.717,245.505)} {size: 9138, mean: (169.996,163.743,138.758)} {size: 7787, mean: (52.2737,41.3828,44.0213)} {size: 11502, mean: (79.5584,67.4714,65.15)} {size: 2435, mean: (212.348,192.565,196.713)} {size: 6967, mean: (196.702,191.711,162.515)} {size: 2031, mean: (196.129,157.377,150.666)} 
{size: 5838, mean: (144.702,148.589,119.674)} {size: 19222, mean: (23.8353,19.9248,33.8077)} {size: 4566, mean: (220.205,227.018,177.12)} {size: 4151, mean: (140.212,120.733,105.624)} {size: 11930, mean: (16.4193,14.4764,25.9667)} {size: 4368, mean: (240.739,221.209,216.988)} {size: 6096, mean: (11.5317,6.88009,16.4662)} {size: 8537, mean: (109.938,100.502,90.8324)} {size: 5648, mean: (252.002,248.458,247.308)} {size: 7029, mean: (168.739,166.559,138.425)} {size: 9207, mean: (54.4709,43.368,46.8471)} {size: 9905, mean: (82.1661,69.4743,67.1601)} {size: 3211, mean: (214.843,190.689,193.227)} {size: 7106, mean: (194.234,193.471,159.364)} {size: 2984, mean: (192.647,159.77,157.157)} 
{size: 5708, mean: (146.312,148.906,118.756)} {size: 16210, mean: (24.9784,20.6487,34.6848)} {size: 4374, mean: (220.003,227.059,177.043)} {size: 5010, mean: (136.32,120.26,107.2)} {size: 15594, mean: (17.1429,14.7674,26.8347)} {size: 4608, mean: (240.708,222.77,216.706)} {size: 5665, mean: (10.7237,6.95763,15.5527)} {size: 7917, mean: (108.974,98.804,89.2116)} {size: 5489, mean: (252.053,248.373,248.302)} {size: 6552, mean: (168.153,167.361,137.18)} {size: 9776, mean: (55.7717,44.6396,47.7899)} {size: 9038, mean: (83.437,70.5262,68.0294)} {size: 3652, mean: (215.977,190.446,190.215)} {size: 6234, mean: (192.473,196.238,157.063)} {size: 3971, mean: (190.848,161.435,160.335)} 
{size: 5714, mean: (147.481,148.697,118.452)} {size: 13671, mean: (26.1847,21.4413,35.6563)} {size: 4277, mean: (219.956,227.054,177.115)} {size: 5482, mean: (133.895,119.927,107.395)} {size: 18405, mean: (17.6382,15.1948,27.419)} {size: 4723, mean: (240.631,223.402,216.761)} {size: 5643, mean: (10.6842,6.98015,15.5171)} {size: 7519, mean: (108.431,97.7529,88.2817)} {size: 5410, mean: (252.089,248.386,248.705)} {size: 6284, mean: (168.018,167.396,136.47)} {size: 9869, mean: (56.6172,45.4242,48.2511)} {size: 8649, mean: (83.9358,70.9846,68.3984)} {size: 3882, mean: (216.291,190.526,188.662)} {size: 5865, mean: (191.898,197.469,155.687)} {size: 4405, mean: (189.501,162.582,161.322)} 
{size: 5814, mean: (148.01,148.144,118.562)} {size: 12712, mean: (26.8922,21.9291,36.1873)} {size: 4238, mean: (219.983,227.13,177.238)} {size: 5709, mean: (132.464,119.547,106.925)} {size: 19028, mean: (17.9938,15.4976,27.8213)} {size: 4778, mean: (240.6,223.567,216.862)} {size: 6192, mean: (10.8752,7.31492,16.1089)} {size: 7278, mean: (107.974,97.0378,87.6701)} {size: 5369, mean: (252.104,248.397,248.906)} {size: 6133, mean: (167.934,167.437,136.081)} {size: 9862, mean: (57.2533,45.9792,48.5141)} {size: 8383, mean: (84.155,71.2122,68.6261)} {size: 4044, mean: (216.185,190.575,187.654)} {size: 5651, mean: (191.654,198.026,154.853)} {size: 4607, mean: (188.722,163.215,161.571)} 
{size: 5934, mean: (148.28,147.491,118.907)} {size: 10747, mean: (28.0886,22.7185,37.0796)} {size: 4201, mean: (220.074,227.25,177.363)} {size: 5803, mean: (131.52,119.349,106.254)} {size: 20782, mean: (18.4215,15.8733,28.3542)} {size: 4809, mean: (240.534,223.514,216.928)} {size: 6532, mean: (11.0643,7.51562,16.4032)} {size: 7166, mean: (107.666,96.4207,87.2968)} {size: 5355, mean: (252.117,248.425,248.952)} {size: 5999, mean: (167.831,167.56,135.712)} {size: 9867, mean: (57.6342,46.3278,48.6978)} {size: 8170, mean: (84.2252,71.3293,68.7022)} {size: 4173, mean: (215.85,190.614,186.94)} {size: 5540, mean: (191.483,198.295,154.269)} {size: 4720, mean: (188.186,163.472,161.542)} 
{size: 6023, mean: (148.378,146.801,119.268)} {size: 9577, mean: (29.0034,23.4023,37.7537)} {size: 4197, mean: (220.174,227.296,177.509)} {size: 5901, mean: (130.685,119.207,105.41)} {size: 21902, mean: (18.7161,16.0996,28.6711)} {size: 4816, mean: (240.499,223.41,216.955)} {size: 6722, mean: (11.1909,7.61589,16.5616)} {size: 7045, mean: (107.3,95.7496,87.0603)} {size: 5355, mean: (252.117,248.425,248.952)} {size: 5930, mean: (167.698,167.794,135.32)} {size: 9820, mean: (57.9756,46.6238,48.8713)} {size: 8002, mean: (84.2567,71.3687,68.7327)} {size: 4265, mean: (215.506,190.516,186.417)} {size: 5451, mean: (191.417,198.48,153.894)} {size: 4792, mean: (187.758,163.531,161.391)} 
{size: 6134, mean: (148.522,145.965,119.716)} {size: 9043, mean: (29.6656,23.9071,38.2216)} {size: 4182, mean: (220.256,227.385,177.66)} {size: 5926, mean: (129.987,119.073,104.663)} {size: 21956, mean: (19.011,16.3269,28.9717)} {size: 4838, mean: (240.411,223.206,216.957)} {size: 7356, mean: (11.3854,7.96262,17.1557)} {size: 6985, mean: (107.005,95.2356,86.8656)} {size: 5357, mean: (252.12,248.43,248.936)} {size: 5844, mean: (167.494,168.21,134.822)} {size: 9715, mean: (58.2752,46.8907,48.9715)} {size: 7875, mean: (84.2215,71.3476,68.6725)} {size: 4317, mean: (215.18,190.451,185.95)} {size: 5401, mean: (191.39,198.614,153.647)} {size: 4869, mean: (187.412,163.484,161.181)} 
{size: 6251, mean: (148.629,145.154,120.245)} {size: 8268, mean: (30.4176,24.4767,38.7506)} {size: 4183, mean: (220.355,227.439,177.783)} {size: 5953, mean: (129.362,118.96,103.919)} {size: 22605, mean: (19.2376,16.5038,29.2177)} {size: 4836, mean: (240.373,223.09,216.974)} {size: 7577, mean: (11.5097,8.06705,17.3223)} {size: 6913, mean: (106.716,94.7739,86.7153)} {size: 5362, mean: (252.12,248.425,248.914)} {size: 5726, mean: (167.253,168.909,134.177)} {size: 9652, mean: (58.4627,47.0552,49.0439)} {size: 7781, mean: (84.1988,71.2916,68.634)} {size: 4367, mean: (214.954,190.339,185.621)} {size: 5362, mean: (191.413,198.698,153.543)} {size: 4962, mean: (186.95,163.267,160.853)} 
{size: 6294, mean: (148.718,144.432,120.749)} {size: 7818, mean: (31.0595,24.9321,39.1433)} {size: 4186, mean: (220.417,227.483,177.889)} {size: 6021, mean: (128.884,118.883,103.28)} {size: 23007, mean: (19.3834,16.6177,29.3918)} {size: 4826, mean: (240.379,222.999,216.984)} {size: 7736, mean: (11.6006,8.16779,17.4211)} {size: 6845, mean: (106.443,94.2792,86.5829)} {size: 5368, mean: (252.12,248.424,248.883)} {size: 5610, mean: (166.913,169.696,133.348)} {size: 9549, mean: (58.634,47.21,49.1068)} {size: 7708, mean: (84.0924,71.2429,68.5477)} {size: 4429, mean: (214.753,190.188,185.351)} {size: 5334, mean: (191.427,198.735,153.54)} {size: 5067, mean: (186.386,162.906,160.384)} 
--- End   K-Means Iteration ---

--- GMM Component 0 Para begin---
simple size: 3394
coefs: 0.0260672

mean: (144.28,158.343,105.016)

cov:
88.2737,44.7479,18.3047;
44.7479,100.571,-7.2782;
18.3047,-7.2782,129.496;

det: 840046

cov inverse:
0.0154404,-0.00705667,-0.00257916;
-0.00705667,0.0132089,0.00173987;
-0.00257916,0.00173987,0.00818458;
--- GMM Component 0 Para end---


--- GMM Component 1 Para begin---
simple size: 6397
coefs: 0.0491313

mean: (174.781,164.81,151.222)

cov:
76.706,-3.93646,8.87346;
-3.93646,74.2745,6.32842;
8.87346,6.32842,68.0277;

det: 377158

cov inverse:
0.0132907,0.000858906,-0.00181352;
0.000858906,0.0136266,-0.00137968;
-0.00181352,-0.00137968,0.0150648;
--- GMM Component 1 Para end---


--- GMM Component 2 Para begin---
simple size: 11659
coefs: 0.0895455

mean: (106.969,94.1389,82.5226)

cov:
53.1475,-12.5865,0.0834665;
-12.5865,64.3469,-8.884;
0.0834665,-8.884,52.2812;

det: 166337

cov inverse:
0.0197504,0.0039516,0.000639953;
0.0039516,0.0167047,0.00283228;
0.000639953,0.00283228,0.0196076;
--- GMM Component 2 Para end---


--- GMM Component 3 Para begin---
simple size: 19843
coefs: 0.152402

mean: (77.7869,62.8764,53.1407)

cov:
62.0414,19.1044,14.0215;
19.1044,53.3497,10.8985;
14.0215,10.8985,62.9578;

det: 173386

cov inverse:
0.0186866,-0.00605562,-0.00311348;
-0.00605562,0.0213938,-0.00235476;
-0.00311348,-0.00235476,0.0169847;
--- GMM Component 3 Para end---


--- GMM Component 4 Para begin---
simple size: 6875
coefs: 0.0528026

mean: (133.764,116.437,107.933)

cov:
38.8449,3.89564,-6.03002;
3.89564,35.574,3.48259;
-6.03002,3.48259,40.3192;

det: 53175.8

cov inverse:
0.026745,-0.00334869,0.00428915;
-0.00334869,0.0287694,-0.00298579;
0.00428915,-0.00298579,0.0257014;
--- GMM Component 4 Para end---


--- GMM Component 5 Para begin---
simple size: 8605
coefs: 0.0660896

mean: (193.393,189.887,161.323)

cov:
79.5523,3.98515,11.3428;
3.98515,125.783,-45.9507;
11.3428,-45.9507,128.97;

det: 1.10016e+06

cov inverse:
0.0128261,-0.000940927,-0.00146328;
-0.000940927,0.00920885,0.00336376;
-0.00146328,0.00336376,0.00908088;
--- GMM Component 5 Para end---


--- GMM Component 6 Para begin---
simple size: 12870
coefs: 0.0988464

mean: (54.2329,42.3578,31.0626)

cov:
110.395,80.8937,69.5807;
80.8937,98.2254,72.3506;
69.5807,72.3506,121.251;

det: 282399

cov inverse:
0.0236379,-0.016906,-0.00347695;
-0.016906,0.0302554,-0.00835178;
-0.00347695,-0.00835178,0.0152261;
--- GMM Component 6 Para end---


--- GMM Component 7 Para begin---
simple size: 5209
coefs: 0.0400071

mean: (243.279,239.382,210.133)

cov:
97.1955,58.4329,63.5951;
58.4329,181.436,25.3164;
63.5951,25.3164,371.057;

det: 4.66862e+06

cov inverse:
0.014283,-0.00429932,-0.00215462;
-0.00429932,0.00685871,0.000268903;
-0.00215462,0.000268903,0.00304594;
--- GMM Component 7 Para end---


--- GMM Component 8 Para begin---
simple size: 6956
coefs: 0.0534247

mean: (157.855,150.317,134.039)

cov:
66.7949,-11.892,0.132479;
-11.892,84.3929,-8.68655;
0.132479,-8.68655,59.8301;

det: 323788

cov inverse:
0.0153612,0.00219387,0.000284507;
0.00219387,0.0123424,0.0017871;
0.000284507,0.0017871,0.0169728;
--- GMM Component 8 Para end---


--- GMM Component 9 Para begin---
simple size: 8793
coefs: 0.0675335

mean: (121.079,103.888,95.7637)

cov:
37.448,4.92652,-4.25409;
4.92652,29.2716,2.44086;
-4.25409,2.44086,39.8962;

det: 41909.2

cov inverse:
0.0277234,-0.00493764,0.00325821;
-0.00493764,0.0352174,-0.00268111;
0.00325821,-0.00268111,0.0255765;
--- GMM Component 9 Para end---


--- GMM Component 10 Para begin---
simple size: 3645
coefs: 0.027995

mean: (117.874,128.849,93.3358)

cov:
75.7551,35.8265,10.9136;
35.8265,77.4348,-11.4326;
10.9136,-11.4326,142.683;

det: 625787

cov inverse:
0.0174467,-0.00836805,-0.00200497;
-0.00836805,0.0170823,0.00200879;
-0.00200497,0.00200879,0.00732284;
--- GMM Component 10 Para end---


--- GMM Component 11 Para begin---
simple size: 6693
coefs: 0.0514047

mean: (144.271,131.595,120.886)

cov:
69.4387,-11.7089,2.31025;
-11.7089,49.3556,0.66859;
2.31025,0.66859,50.9408;

det: 167269

cov inverse:
0.0150283,0.00357511,-0.000728479;
0.00357511,0.0211152,-0.000439271;
-0.000728479,-0.000439271,0.0196695;
--- GMM Component 11 Para end---


--- GMM Component 12 Para begin---
simple size: 16829
coefs: 0.129253

mean: (94.0261,78.6224,69.4263)

cov:
49.7455,0.845965,4.16227;
0.845965,54.4651,-1.32517;
4.16227,-1.32517,51.8227;

det: 139331

cov inverse:
0.0202451,-0.000354236,-0.0016351;
-0.000354236,0.018378,0.000498402;
-0.0016351,0.000498402,0.0194406;
--- GMM Component 12 Para end---


--- GMM Component 13 Para begin---
simple size: 4567
coefs: 0.0350763

mean: (173.344,183.931,130.086)

cov:
88.8664,47.8586,26.356;
47.8586,107.662,5.34619;
26.356,5.34619,105.904;

det: 706836

cov inverse:
0.0160904,-0.00697124,-0.00365246;
-0.00697124,0.012332,0.00111238;
-0.00365246,0.00111238,0.0102953;
--- GMM Component 13 Para end---


--- GMM Component 14 Para begin---
simple size: 7867
coefs: 0.0604215

mean: (215.321,213.657,177.733)

cov:
101.438,31.1757,27.746;
31.1757,168.167,-59.0569;
27.746,-59.0569,197.509;

det: 2.59183e+06

cov inverse:
0.0114695,-0.00300794,-0.00251062;
-0.00300794,0.00743298,0.00264507;
-0.00251062,0.00264507,0.00620664;
--- GMM Component 14 Para end---


--- GMM Component 0 Para begin---
simple size: 6294
coefs: 0.0573234

mean: (148.718,144.432,120.749)

cov:
147.091,-48.019,34.2474;
-48.019,194.028,-107.865;
34.2474,-107.865,244.46;

det: 4.82897e+06

cov inverse:
0.00741304,0.00166591,-0.000303458;
0.00166591,0.00720338,0.00294502;
-0.000303458,0.00294502,0.00543261;
--- GMM Component 0 Para end---


--- GMM Component 1 Para begin---
simple size: 7818
coefs: 0.0712035

mean: (31.0595,24.9321,39.1433)

cov:
40.8671,17.474,5.95976;
17.474,28.0536,6.44386;
5.95976,6.44386,40.221;

det: 32479.8

cov inverse:
0.0334614,-0.0204563,-0.00168082;
-0.0204563,0.0495137,-0.00490154;
-0.00168082,-0.00490154,0.025897;
--- GMM Component 1 Para end---


--- GMM Component 2 Para begin---
simple size: 4186
coefs: 0.0381246

mean: (220.417,227.483,177.889)

cov:
112.698,76.8547,36.5434;
76.8547,156.316,-11.3631;
36.5434,-11.3631,161.326;

det: 1.60197e+06

cov inverse:
0.0156612,-0.00799888,-0.00411095;
-0.00799888,0.0105156,0.00255256;
-0.00411095,0.00255256,0.00730961;
--- GMM Component 2 Para end---


--- GMM Component 3 Para begin---
simple size: 6021
coefs: 0.0548371

mean: (128.884,118.883,103.28)

cov:
174.186,-53.8649,8.16209;
-53.8649,206.124,-68.1061;
8.16209,-68.1061,204.064;

det: 5.97281e+06

cov inverse:
0.00626573,0.00174725,0.000332527;
0.00174725,0.00593998,0.00191258;
0.000332527,0.00191258,0.00552545;
--- GMM Component 3 Para end---


--- GMM Component 4 Para begin---
simple size: 23007
coefs: 0.209539

mean: (19.3834,16.6177,29.3918)

cov:
9.77402,4.03538,4.32041;
4.03538,7.2141,4.21142;
4.32041,4.21142,11.0397;

det: 437.482

cov inverse:
0.141504,-0.060241,-0.0323971;
-0.060241,0.203977,-0.0542378;
-0.0323971,-0.0542378,0.123951;
--- GMM Component 4 Para end---


--- GMM Component 5 Para begin---
simple size: 4826
coefs: 0.0439534

mean: (240.379,222.999,216.984)

cov:
157.732,41.3672,-56.5028;
41.3672,221.359,-44.959;
-56.5028,-44.959,209.167;

det: 6.12987e+06

cov inverse:
0.00722359,-0.000997143,0.001737;
-0.000997143,0.00486142,0.000775566;
0.001737,0.000775566,0.00541679;
--- GMM Component 5 Para end---


--- GMM Component 6 Para begin---
simple size: 7736
coefs: 0.0704567

mean: (11.6006,8.16779,17.4211)

cov:
18.8984,6.46748,8.84816;
6.46748,15.098,12.9607;
8.84816,12.9607,34.0752;

det: 5424.07

cov inverse:
0.0638795,-0.0194876,-0.00917505;
-0.0194876,0.10429,-0.0346071;
-0.00917505,-0.0346071,0.0448924;
--- GMM Component 6 Para end---


--- GMM Component 7 Para begin---
simple size: 6845
coefs: 0.0623418

mean: (106.443,94.2792,86.5829)

cov:
121.623,-18.8823,13.6125;
-18.8823,172.947,-35.3461;
13.6125,-35.3461,144.462;

det: 2.82133e+06

cov inverse:
0.00841264,0.0007963,-0.00059788;
0.0007963,0.00616185,0.00143261;
-0.00059788,0.00143261,0.00732911;
--- GMM Component 7 Para end---


--- GMM Component 8 Para begin---
simple size: 5368
coefs: 0.0488898

mean: (252.12,248.424,248.883)

cov:
27.2988,29.5591,4.25149;
29.5591,65.3739,0.718453;
4.25149,0.718453,80.6667;

det: 72463.5

cov inverse:
0.0727675,-0.0328632,-0.00354247;
-0.0328632,0.0301397,0.0014636;
-0.00354247,0.0014636,0.0125704;
--- GMM Component 8 Para end---


--- GMM Component 9 Para begin---
simple size: 5610
coefs: 0.0510938

mean: (166.913,169.696,133.348)

cov:
83.2805,5.42347,4.68021;
5.42347,178.405,-63.3255;
4.68021,-63.3255,166.881;

det: 2.13347e+06

cov inverse:
0.0120753,-0.000563144,-0.000552349;
-0.000563144,0.00650397,0.00248383;
-0.000552349,0.00248383,0.00695032;
--- GMM Component 9 Para end---


--- GMM Component 10 Para begin---
simple size: 9549
coefs: 0.0869688

mean: (58.634,47.21,49.1068)

cov:
70.2046,26.7233,10.4612;
26.7233,69.9321,9.4705;
10.4612,9.4705,87.6231;

det: 358961

cov inverse:
0.0168207,-0.00624721,-0.00133299;
-0.00624721,0.0168322,-0.00107341;
-0.00133299,-0.00107341,0.0116877;
--- GMM Component 10 Para end---


--- GMM Component 11 Para begin---
simple size: 7708
coefs: 0.0702016

mean: (84.0924,71.2429,68.5477)

cov:
109.324,13.2469,15.8784;
13.2469,110.715,-4.30726;
15.8784,-4.30726,110.882;

det: 1.29088e+06

cov inverse:
0.00949565,-0.00119084,-0.00140605;
-0.00119084,0.00919521,0.000527722;
-0.00140605,0.000527722,0.00924043;
--- GMM Component 11 Para end---


--- GMM Component 12 Para begin---
simple size: 4429
coefs: 0.0403377

mean: (214.753,190.188,185.351)

cov:
195.555,4.95696,-36.4787;
4.95696,125.401,26.9792;
-36.4787,26.9792,210.149;

det: 4.8293e+06

cov inverse:
0.00530615,-0.000419495,0.00097492;
-0.000419495,0.00823413,-0.00112993;
0.00097492,-0.00112993,0.00507281;
--- GMM Component 12 Para end---


--- GMM Component 13 Para begin---
simple size: 5334
coefs: 0.0485801

mean: (191.427,198.735,153.54)

cov:
91.8754,39.8553,20.9118;
39.8553,112.992,-17.1757;
20.9118,-17.1757,156.241;

det: 1.26865e+06

cov inverse:
0.0136831,-0.00519154,-0.0024021;
-0.00519154,0.0109703,0.00190082;
-0.0024021,0.00190082,0.00693082;
--- GMM Component 13 Para end---


--- GMM Component 14 Para begin---
simple size: 5067
coefs: 0.0461484

mean: (186.386,162.906,160.384)

cov:
181.036,36.1859,-36.0514;
36.1859,119.582,33.6121;
-36.0514,33.6121,160.615;

det: 2.81915e+06

cov inverse:
0.0064122,-0.00249145,0.00196066;
-0.00249145,0.00985313,-0.0026212;
0.00196066,-0.0026212,0.00721468;
--- GMM Component 14 Para end---


--- INIT GMM COMPLETE ---

===== GMM INIT DURATION: 99ms =====
Beta: 0.000184789

------------ Start Train 1------------


--- GMM Component 0 Para begin---
simple size: 3378
coefs: 0.0259443

mean: (144.081,158.364,104.777)

cov:
89.3838,48.8522,18.49;
48.8522,101.912,-11.3697;
18.49,-11.3697,130.812;

det: 812488

cov inverse:
0.016249,-0.00812406,-0.00300287;
-0.00812406,0.0139702,0.00236255;
-0.00300287,0.00236255,0.00827432;
--- GMM Component 0 Para end---


--- GMM Component 1 Para begin---
simple size: 6437
coefs: 0.0494386

mean: (174.725,165.202,150.983)

cov:
77.7863,-5.01078,6.47652;
-5.01078,76.404,5.79165;
6.47652,5.79165,63.3718;

det: 368849

cov inverse:
0.013036,0.000962593,-0.00142023;
0.000962593,0.0132507,-0.00130938;
-0.00142023,-0.00130938,0.0160447;
--- GMM Component 1 Para end---


--- GMM Component 2 Para begin---
simple size: 11492
coefs: 0.0882629

mean: (106.877,93.9363,82.5974)

cov:
54.4514,-13.1012,0.413618;
-13.1012,60.5381,-6.79775;
0.413618,-6.79775,50.7499;

det: 156127

cov inverse:
0.0193822,0.00424059,0.000410043;
0.00424059,0.0176986,0.00233609;
0.000410043,0.00233609,0.020014;
--- GMM Component 2 Para end---


--- GMM Component 3 Para begin---
simple size: 19715
coefs: 0.151419

mean: (78.0028,62.9481,53.2639)

cov:
65.3226,18.549,16.0672;
18.549,48.6819,9.48558;
16.0672,9.48558,63.3883;

det: 166975

cov inverse:
0.017942,-0.00612894,-0.00363068;
-0.00612894,0.0232521,-0.00192598;
-0.00363068,-0.00192598,0.0169843;
--- GMM Component 3 Para end---


--- GMM Component 4 Para begin---
simple size: 6547
coefs: 0.0502834

mean: (134.285,116.032,107.764)

cov:
33.2328,7.89763,-2.38651;
7.89763,30.2877,1.26656;
-2.38651,1.26656,39.0716;

det: 36616.7

cov inverse:
0.0322745,-0.00850967,0.00224719;
-0.00850967,0.0353053,-0.00166424;
0.00224719,-0.00166424,0.0257852;
--- GMM Component 4 Para end---


--- GMM Component 5 Para begin---
simple size: 8739
coefs: 0.0671188

mean: (193.343,190.111,160.923)

cov:
79.1067,4.51376,10.7071;
4.51376,132.155,-52.0322;
10.7071,-52.0322,131.083;

det: 1.13337e+06

cov inverse:
0.012896,-0.00101361,-0.00145571;
-0.00101361,0.00904815,0.00367438;
-0.00145571,0.00367438,0.00920619;
--- GMM Component 5 Para end---


--- GMM Component 6 Para begin---
simple size: 13078
coefs: 0.100444

mean: (54.539,42.4287,31.3223)

cov:
112.305,83.4397,71.6221;
83.4397,94.5255,73.4726;
71.6221,73.4726,123.393;

det: 237842

cov inverse:
0.0263435,-0.0211638,-0.00268911;
-0.0211638,0.0366963,-0.00956599;
-0.00268911,-0.00956599,0.0153609;
--- GMM Component 6 Para end---


--- GMM Component 7 Para begin---
simple size: 5174
coefs: 0.0397383

mean: (243.641,239.904,209.534)

cov:
87.2667,49.7694,67.7182;
49.7694,170.326,23.5053;
67.7182,23.5053,399.123;

det: 4.273e+06

cov inverse:
0.0157801,-0.00427624,-0.00242554;
-0.00427624,0.00707803,0.000308697;
-0.00242554,0.000308697,0.00289885;
--- GMM Component 7 Para end---


--- GMM Component 8 Para begin---
simple size: 7027
coefs: 0.05397

mean: (157.86,150.273,134.106)

cov:
68.1454,-12.94,0.698824;
-12.94,86.1413,-9.05605;
0.698824,-9.05605,60.9524;

det: 342126

cov inverse:
0.0151071,0.00228686,0.000166568;
0.00228686,0.0121392,0.00177737;
0.000166568,0.00177737,0.0166684;
--- GMM Component 8 Para end---


--- GMM Component 9 Para begin---
simple size: 8788
coefs: 0.0674951

mean: (121.456,103.784,95.546)

cov:
32.4756,8.77485,-1.52852;
8.77485,28.17,2.39735;
-1.52852,2.39735,38.7349;

det: 32136.9

cov inverse:
0.0337747,-0.0106904,0.00199443;
-0.0106904,0.0390705,-0.00283997;
0.00199443,-0.00283997,0.026071;
--- GMM Component 9 Para end---


--- GMM Component 10 Para begin---
simple size: 4124
coefs: 0.0316739

mean: (116.889,127.645,94.1137)

cov:
86.2716,47.2132,24.5842;
47.2132,81.6756,-10.7317;
24.5842,-10.7317,190.822;

det: 835018

cov inverse:
0.018527,-0.0111053,-0.00301144;
-0.0111053,0.0189914,0.00249879;
-0.00301144,0.00249879,0.00576898;
--- GMM Component 10 Para end---


--- GMM Component 11 Para begin---
simple size: 6709
coefs: 0.0515276

mean: (144.16,131.61,120.7)

cov:
71.6711,-12.1814,2.75972;
-12.1814,49.0828,0.206213;
2.75972,0.206213,50.9797;

det: 171382

cov inverse:
0.0146001,0.00362685,-0.000805025;
0.00362685,0.021275,-0.000282392;
-0.000805025,-0.000282392,0.0196604;
--- GMM Component 11 Para end---


--- GMM Component 12 Para begin---
simple size: 16715
coefs: 0.128377

mean: (93.9401,78.7201,69.4744)

cov:
53.1248,-0.253138,6.15506;
-0.253138,51.4129,-2.29262;
6.15506,-2.29262,51.9661;

det: 139712

cov inverse:
0.0190855,-6.84702e-06,-0.00226086;
-6.84702e-06,0.0194887,0.000860606;
-0.00226086,0.000860606,0.0195491;
--- GMM Component 12 Para end---


--- GMM Component 13 Para begin---
simple size: 4374
coefs: 0.033594

mean: (172.87,183.232,129.646)

cov:
81.7134,43.1529,27.6184;
43.1529,97.6993,4.54831;
27.6184,4.54831,101.698;

det: 557142

cov inverse:
0.0177965,-0.00765148,-0.00449082;
-0.00765148,0.0135465,0.00147207;
-0.00449082,0.00147207,0.0109867;
--- GMM Component 13 Para end---


--- GMM Component 14 Para begin---
simple size: 7905
coefs: 0.0607134

mean: (215.182,213.317,178.422)

cov:
98.7161,26.1592,30.5078;
26.1592,165.112,-58.2492;
30.5078,-58.2492,211.367;

det: 2.71889e+06

cov inverse:
0.0115879,-0.00268722,-0.0024131;
-0.00268722,0.00733189,0.00240841;
-0.0024131,0.00240841,0.00574312;
--- GMM Component 14 Para end---


--- GMM Component 0 Para begin---
simple size: 6360
coefs: 0.0579246

mean: (148.603,144.517,120.717)

cov:
149.451,-44.8982,35.0558;
-44.8982,202.747,-120.068;
35.0558,-120.068,258.785;

det: 5.29396e+06

cov inverse:
0.00718772,0.00139968,-0.000324261;
0.00139968,0.00707347,0.00309227;
-0.000324261,0.00309227,0.00534287;
--- GMM Component 0 Para end---


--- GMM Component 1 Para begin---
simple size: 6482
coefs: 0.0590357

mean: (31.131,24.4588,39.2612)

cov:
33.2786,19.0911,8.93478;
19.0911,33.7883,13.4929;
8.93478,13.4929,46.8172;

det: 31426.1

cov inverse:
0.044543,-0.0246049,-0.00140952;
-0.0246049,0.0470367,-0.00886052;
-0.00140952,-0.00886052,0.0241823;
--- GMM Component 1 Para end---


--- GMM Component 2 Para begin---
simple size: 4487
coefs: 0.040866

mean: (219.653,226.73,178.362)

cov:
111.415,86.8274,39.9143;
86.8274,162.414,-11.4593;
39.9143,-11.4593,169.817;

det: 1.43983e+06

cov inverse:
0.0190643,-0.0105583,-0.00519342;
-0.0105583,0.012034,0.00329372;
-0.00519342,0.00329372,0.00733164;
--- GMM Component 2 Para end---


--- GMM Component 3 Para begin---
simple size: 6005
coefs: 0.0546913

mean: (128.98,118.79,102.903)

cov:
185.859,-59.5832,6.66701;
-59.5832,208.91,-68.217;
6.66701,-68.217,212.853;

det: 6.68895e+06

cov inverse:
0.00595213,0.00182804,0.000399432;
0.00182804,0.00590768,0.00183609;
0.000399432,0.00183609,0.00527402;
--- GMM Component 3 Para end---


--- GMM Component 4 Para begin---
simple size: 24613
coefs: 0.224166

mean: (19.3555,16.8285,29.6133)

cov:
10.2492,6.50386,8.43791;
6.50386,6.78849,7.25518;
8.43791,7.25518,11.8122;

det: 95.6846

cov inverse:
0.287918,-0.163101,-0.105493;
-0.163101,0.521159,-0.203593;
-0.105493,-0.203593,0.285065;
--- GMM Component 4 Para end---


--- GMM Component 5 Para begin---
simple size: 5128
coefs: 0.0467039

mean: (240.813,223.824,218.693)

cov:
154.517,51.7577,-63.7661;
51.7577,239.144,-34.6711;
-63.7661,-34.6711,237.354;

det: 7.20554e+06

cov inverse:
0.00771067,-0.0013981,0.00186728;
-0.0013981,0.00452556,0.000285459;
0.00186728,0.000285459,0.00475647;
--- GMM Component 5 Para end---


--- GMM Component 6 Para begin---
simple size: 7012
coefs: 0.0638627

mean: (11.5131,7.7075,16.9457)

cov:
20.0465,6.79313,11.7083;
6.79313,13.6827,11.8917;
11.7083,11.8917,33.0625;

det: 4724.12

cov inverse:
0.0658264,-0.0180703,-0.0168114;
-0.0180703,0.11128,-0.0336254;
-0.0168114,-0.0336254,0.0482933;
--- GMM Component 6 Para end---


--- GMM Component 7 Para begin---
simple size: 6762
coefs: 0.0615858

mean: (106.29,94.5942,86.5481)

cov:
123.786,-24.0517,23.0346;
-24.0517,168.441,-37.247;
23.0346,-37.247,155.337;

det: 2.92919e+06

cov inverse:
0.00845895,0.000982575,-0.00101875;
0.000982575,0.00638332,0.0013849;
-0.00101875,0.0013849,0.00692074;
--- GMM Component 7 Para end---


--- GMM Component 8 Para begin---
simple size: 4991
coefs: 0.0454562

mean: (252.794,249.252,249.78)

cov:
15.4765,17.5399,3.88644;
17.5399,45.6316,4.01447;
3.88644,4.01447,60.7904;

det: 23837.9

cov inverse:
0.115692,-0.0440751,-0.00448574;
-0.0440751,0.038834,0.00025328;
-0.00448574,0.00025328,0.01672;
--- GMM Component 8 Para end---


--- GMM Component 9 Para begin---
simple size: 5553
coefs: 0.0505747

mean: (166.416,169.601,133.919)

cov:
71.9059,16.1993,1.46733;
16.1993,172.665,-70.4877;
1.46733,-70.4877,168.171;

det: 1.68282e+06

cov inverse:
0.0143025,-0.00168032,-0.00082909;
-0.00168032,0.00718454,0.00302602;
-0.00082909,0.00302602,0.00722192;
--- GMM Component 9 Para end---


--- GMM Component 10 Para begin---
simple size: 10014
coefs: 0.0912038

mean: (58.0381,46.3205,48.6734)

cov:
78.1659,40.0919,25.6676;
40.0919,75.644,29.0001;
25.6676,29.0001,106.272;

det: 401656

cov inverse:
0.0179203,-0.00875445,-0.0019393;
-0.00875445,0.0190412,-0.00308163;
-0.0019393,-0.00308163,0.0107192;
--- GMM Component 10 Para end---


--- GMM Component 11 Para begin---
simple size: 7762
coefs: 0.0706935

mean: (84.2498,71.264,68.5162)

cov:
118.694,9.36462,27.364;
9.36462,103.5,2.79145;
27.364,2.79145,124.152;

det: 1.43731e+06

cov inverse:
0.0089347,-0.000755751,-0.00195228;
-0.000755751,0.00973161,-5.22341e-05;
-0.00195228,-5.22341e-05,0.00848611;
--- GMM Component 11 Para end---


--- GMM Component 12 Para begin---
simple size: 4072
coefs: 0.0370863

mean: (215.853,189.265,185.785)

cov:
204.002,19.9537,-50.8155;
19.9537,119.498,32.2709;
-50.8155,32.2709,219.826;

det: 4.68489e+06

cov inverse:
0.00538481,-0.0012863,0.0014336;
-0.0012863,0.00902108,-0.00162166;
0.0014336,-0.00162166,0.00511852;
--- GMM Component 12 Para end---


--- GMM Component 13 Para begin---
simple size: 5684
coefs: 0.0517678

mean: (190.784,197.755,154.227)

cov:
90.5326,48.5048,23.9792;
48.5048,114.948,-13.9421;
23.9792,-13.9421,160.338;

det: 1.17521e+06

cov inverse:
0.0155174,-0.00690214,-0.00292085;
-0.00690214,0.0118624,0.00206372;
-0.00292085,0.00206372,0.00685309;
--- GMM Component 13 Para end---


--- GMM Component 14 Para begin---
simple size: 4873
coefs: 0.0443815

mean: (187.625,162.289,160.002)

cov:
177.956,42.1211,-38.0567;
42.1211,114.018,45.4652;
-38.0567,45.4652,175.182;

det: 2.56493e+06

cov inverse:
0.00698141,-0.00355141,0.00243834;
-0.00355141,0.0115896,-0.00377936;
0.00243834,-0.00377936,0.0072189;
--- GMM Component 14 Para end---

  === GMM Dispatch and Learn DURATION: 196ms ===
--- Generate Graph ... ---
  === GMM GenerateGraph DURATION: 253ms ===
--- Maxflow ... ---
$$$ Max Flow Energy: 1.08819e+06 $$$
  === GMM MaxFlow DURATION: 184ms ===

------------ Start Train 2------------


--- GMM Component 0 Para begin---
simple size: 5639
coefs: 0.0308132

mean: (143.746,158.774,104.314)

cov:
95.4088,52.9991,14.3133;
52.9991,104.093,-15.3323;
14.3133,-15.3323,138.497;

det: 919425

cov inverse:
0.0154243,-0.00822219,-0.0025043;
-0.00822219,0.014149,0.00241611;
-0.0025043,0.00241611,0.00774665;
--- GMM Component 0 Para end---


--- GMM Component 1 Para begin---
simple size: 10059
coefs: 0.0549654

mean: (175.736,164.798,150.946)

cov:
96.0192,-18.7997,4.44971;
-18.7997,87.934,6.68737;
4.44971,6.68737,59.9226;

det: 477615

cov inverse:
0.0109388,0.00242095,-0.00108246;
0.00242095,0.0120053,-0.00151957;
-0.00108246,-0.00151957,0.0169382;
--- GMM Component 1 Para end---


--- GMM Component 2 Para begin---
simple size: 14372
coefs: 0.0785329

mean: (106.303,93.4793,83.3245)

cov:
58.6204,-17.0503,2.30325;
-17.0503,63.2418,-8.50669;
2.30325,-8.50669,52.1084;

det: 174121

cov inverse:
0.0185104,0.00499002,-3.56395e-06;
0.00499002,0.0175126,0.00263836;
-3.56395e-06,0.00263836,0.0196216;
--- GMM Component 2 Para end---


--- GMM Component 3 Para begin---
simple size: 24622
coefs: 0.134542

mean: (76.981,62.6571,54.1749)

cov:
75.7688,18.7523,20.3514;
18.7523,49.7392,5.72649;
20.3514,5.72649,67.2653;

det: 211133

cov inverse:
0.0156912,-0.00542236,-0.00428582;
-0.00542236,0.0221776,-0.000247493;
-0.00428582,-0.000247493,0.0161843;
--- GMM Component 3 Para end---


--- GMM Component 4 Para begin---
simple size: 7554
coefs: 0.0412773

mean: (134.618,115.423,108.163)

cov:
32.548,9.80163,-1.21601;
9.80163,29.8498,-0.554572;
-1.21601,-0.554572,40.4119;

det: 35339

cov inverse:
0.0341261,-0.0111896,0.000873315;
-0.0111896,0.0371785,0.0001735;
0.000873315,0.0001735,0.0247738;
--- GMM Component 4 Para end---


--- GMM Component 5 Para begin---
simple size: 14589
coefs: 0.0797187

mean: (193.908,189.916,160.52)

cov:
98.1847,-15.6015,16.8868;
-15.6015,155.52,-61.8652;
16.8868,-61.8652,134.744;

det: 1.63716e+06

cov inverse:
0.010462,0.000645933,-0.00101459;
0.000645933,0.00790676,0.0035493;
-0.00101459,0.0035493,0.00917825;
--- GMM Component 5 Para end---


--- GMM Component 6 Para begin---
simple size: 18654
coefs: 0.101931

mean: (54.8385,42.7477,34.6596)

cov:
101.137,71.7499,66.1773;
71.7499,79.254,63.5529;
66.1773,63.5529,128.156;

det: 215429

cov inverse:
0.0283988,-0.0231605,-0.00317924;
-0.0231605,0.039836,-0.00779516;
-0.00317924,-0.00779516,0.0133103;
--- GMM Component 6 Para end---


--- GMM Component 7 Para begin---
simple size: 8773
coefs: 0.0479383

mean: (243.454,240.058,209.422)

cov:
83.289,34.5512,82.772;
34.5512,172.789,24.1308;
82.772,24.1308,395.611;

det: 4.12683e+06

cov inverse:
0.016423,-0.0028282,-0.0032636;
-0.0028282,0.00632419,0.000205979;
-0.0032636,0.000205979,0.003198;
--- GMM Component 7 Para end---


--- GMM Component 8 Para begin---
simple size: 10215
coefs: 0.0558178

mean: (158.07,150.469,134.043)

cov:
79.5151,-21.4329,1.36829;
-21.4329,94.9819,-11.7779;
1.36829,-11.7779,62.6646;

det: 433971

cov inverse:
0.0133956,0.00305773,0.00028221;
0.00305773,0.0114775,0.00209045;
0.00028221,0.00209045,0.0163447;
--- GMM Component 8 Para end---


--- GMM Component 9 Para begin---
simple size: 10521
coefs: 0.0574899

mean: (121.496,103.135,95.9259)

cov:
31.1714,9.70249,-0.268152;
9.70249,29.918,0.836667;
-0.268152,0.836667,40.8929;

det: 34258.2

cov inverse:
0.0356917,-0.0115881,0.000471137;
-0.0115881,0.0372062,-0.000837224;
0.000471137,-0.000837224,0.0244743;
--- GMM Component 9 Para end---


--- GMM Component 10 Para begin---
simple size: 7474
coefs: 0.0408402

mean: (115.451,126.708,92.983)

cov:
108.376,57.8402,58.3435;
57.8402,99.14,-9.71704;
58.3435,-9.71704,261.182;

det: 1.51917e+06

cov inverse:
0.0169824,-0.0103173,-0.00417742;
-0.0103173,0.0163917,0.00291455;
-0.00417742,0.00291455,0.00487035;
